793 1500
2 1.00000000000000e+00 -2.44929359829471e-16 4.00000000000000e+00
86 9.97203797181180e-01 7.47300935864244e-02 4.00000000000000e+00
87 9.88830826225129e-01 1.49042266176175e-01 4.00000000000000e+00
88 9.74927912181824e-01 2.22520933956315e-01 4.00000000000000e+00
89 9.55572805786141e-01 2.94755174410905e-01 4.00000000000000e+00
90 9.30873748644204e-01 3.65341024366396e-01 4.00000000000000e+00
91 9.00968867902419e-01 4.33883739117559e-01 4.00000000000000e+00
92 8.66025403784438e-01 5.00000000000001e-01 4.00000000000000e+00
93 8.26238774315994e-01 5.63320058063623e-01 4.00000000000000e+00
94 7.81831482468029e-01 6.23489801858735e-01 4.00000000000000e+00
95 7.33051871829825e-01 6.80172737770921e-01 4.00000000000000e+00
96 6.80172737770918e-01 7.33051871829828e-01 4.00000000000000e+00
97 6.23489801858732e-01 7.81831482468031e-01 4.00000000000000e+00
98 5.63320058063620e-01 8.26238774315996e-01 4.00000000000000e+00
99 4.99999999999998e-01 8.66025403784440e-01 4.00000000000000e+00
100 4.33883739117556e-01 9.00968867902420e-01 4.00000000000000e+00
101 3.65341024366392e-01 9.30873748644205e-01 4.00000000000000e+00
102 2.94755174410902e-01 9.55572805786141e-01 4.00000000000000e+00
103 2.22520933956312e-01 9.74927912181824e-01 4.00000000000000e+00
104 1.49042266176172e-01 9.88830826225129e-01 4.00000000000000e+00
105 7.47300935864215e-02 9.97203797181180e-01 4.00000000000000e+00
106 -2.82534752406804e-15 1.00000000000000e+00 4.00000000000000e+00
107 -7.47300935864267e-02 9.97203797181180e-01 4.00000000000000e+00
108 -1.49042266176177e-01 9.88830826225128e-01 4.00000000000000e+00
109 -2.22520933956317e-01 9.74927912181823e-01 4.00000000000000e+00
110 -2.94755174410907e-01 9.55572805786140e-01 4.00000000000000e+00
111 -3.65341024366397e-01 9.30873748644203e-01 4.00000000000000e+00
112 -4.33883739117560e-01 9.00968867902418e-01 4.00000000000000e+00
113 -5.00000000000002e-01 8.66025403784437e-01 4.00000000000000e+00
114 -5.63320058063624e-01 8.26238774315994e-01 4.00000000000000e+00
115 -6.23489801858735e-01 7.81831482468028e-01 4.00000000000000e+00
116 -6.80172737770921e-01 7.33051871829825e-01 4.00000000000000e+00
117 -7.33051871829828e-01 6.80172737770917e-01 4.00000000000000e+00
118 -7.81831482468031e-01 6.23489801858731e-01 4.00000000000000e+00
119 -8.26238774315996e-01 5.63320058063620e-01 4.00000000000000e+00
120 -8.66025403784440e-01 4.99999999999998e-01 4.00000000000000e+00
121 -9.00968867902420e-01 4.33883739117556e-01 4.00000000000000e+00
122 -9.30873748644205e-01 3.65341024366393e-01 4.00000000000000e+00
123 -9.55572805786142e-01 2.94755174410902e-01 4.00000000000000e+00
124 -9.74927912181824e-01 2.22520933956312e-01 4.00000000000000e+00
125 -9.88830826225129e-01 1.49042266176172e-01 4.00000000000000e+00
126 -9.97203797181180e-01 7.47300935864211e-02 4.00000000000000e+00
127 -1.00000000000000e+00 -2.54207057918564e-15 4.00000000000000e+00
128 -9.97203797181180e-01 -7.47300935864266e-02 4.00000000000000e+00
129 -9.88830826225128e-01 -1.49042266176177e-01 4.00000000000000e+00
130 -9.74927912181823e-01 -2.22520933956317e-01 4.00000000000000e+00
131 -9.55572805786140e-01 -2.94755174410906e-01 4.00000000000000e+00
132 -9.30873748644203e-01 -3.65341024366397e-01 4.00000000000000e+00
133 -9.00968867902418e-01 -4.33883739117560e-01 4.00000000000000e+00
134 -8.66025403784437e-01 -5.00000000000002e-01 4.00000000000000e+00
135 -8.26238774315993e-01 -5.63320058063624e-01 4.00000000000000e+00
136 -7.81831482468028e-01 -6.23489801858735e-01 4.00000000000000e+00
137 -7.33051871829825e-01 -6.80172737770921e-01 4.00000000000000e+00
138 -6.80172737770917e-01 -7.33051871829828e-01 4.00000000000000e+00
139 -6.23489801858732e-01 -7.81831482468031e-01 4.00000000000000e+00
140 -5.63320058063620e-01 -8.26238774315996e-01 4.00000000000000e+00
141 -4.99999999999998e-01 -8.66025403784440e-01 4.00000000000000e+00
142 -4.33883739117556e-01 -9.00968867902420e-01 4.00000000000000e+00
143 -3.65341024366393e-01 -9.30873748644205e-01 4.00000000000000e+00
144 -2.94755174410902e-01 -9.55572805786141e-01 4.00000000000000e+00
145 -2.22520933956313e-01 -9.74927912181824e-01 4.00000000000000e+00
146 -1.49042266176172e-01 -9.88830826225129e-01 4.00000000000000e+00
147 -7.47300935864230e-02 -9.97203797181180e-01 4.00000000000000e+00
148 1.59265981952815e-15 -1.00000000000000e+00 4.00000000000000e+00
149 7.47300935864270e-02 -9.97203797181180e-01 4.00000000000000e+00
150 1.49042266176177e-01 -9.88830826225128e-01 4.00000000000000e+00
151 2.22520933956315e-01 -9.74927912181823e-01 4.00000000000000e+00
152 2.94755174410904e-01 -9.55572805786141e-01 4.00000000000000e+00
153 3.65341024366395e-01 -9.30873748644204e-01 4.00000000000000e+00
154 4.33883739117557e-01 -9.00968867902420e-01 4.00000000000000e+00
155 5.00000000000000e-01 -8.66025403784439e-01 4.00000000000000e+00
156 5.63320058063622e-01 -8.26238774315995e-01 4.00000000000000e+00
157 6.23489801858735e-01 -7.81831482468028e-01 4.00000000000000e+00
158 6.80172737770921e-01 -7.33051871829825e-01 4.00000000000000e+00
159 7.33051871829828e-01 -6.80172737770918e-01 4.00000000000000e+00
160 7.81831482468032e-01 -6.23489801858731e-01 4.00000000000000e+00
161 8.26238774315997e-01 -5.63320058063619e-01 4.00000000000000e+00
162 8.66025403784441e-01 -4.99999999999997e-01 4.00000000000000e+00
163 9.00968867902421e-01 -4.33883739117555e-01 4.00000000000000e+00
164 9.30873748644206e-01 -3.65341024366392e-01 4.00000000000000e+00
165 9.55572805786142e-01 -2.94755174410900e-01 4.00000000000000e+00
166 9.74927912181824e-01 -2.22520933956313e-01 4.00000000000000e+00
167 9.88830826225129e-01 -1.49042266176173e-01 4.00000000000000e+00
168 9.97203797181180e-01 -7.47300935864239e-02 4.00000000000000e+00
809 9.39100518844800e-01 3.59278670047982e-02 4.00000000000000e+00
810 9.20487172347675e-01 1.71176777593872e-01 4.00000000000000e+00
811 8.81839588971399e-01 3.04852651320903e-01 4.00000000000000e+00
812 8.25389685136154e-01 4.33893511520006e-01 4.00000000000000e+00
813 7.50556244025158e-01 5.52540294984958e-01 4.00000000000000e+00
814 6.59791188712566e-01 6.58633331765981e-01 4.00000000000000e+00
815 5.54636223861948e-01 7.50352453288088e-01 4.00000000000000e+00
816 4.36388922463160e-01 8.25086943542349e-01 4.00000000000000e+00
817 3.08160706970369e-01 8.80447084318668e-01 4.00000000000000e+00
818 1.73588497060280e-01 9.16401115708796e-01 4.00000000000000e+00
819 3.50688799750572e-02 9.32801086572977e-01 4.00000000000000e+00
820 -1.04621562521166e-01 9.27729900498342e-01 4.00000000000000e+00
821 -2.41526219669911e-01 9.01942887865501e-01 4.00000000000000e+00
822 -3.73448675006521e-01 8.56042169403930e-01 4.00000000000000e+00
823 -4.96459027168892e-01 7.90181384752559e-01 4.00000000000000e+00
824 -6.08448143930880e-01 7.07263277714385e-01 4.00000000000000e+00
825 -7.07475698080295e-01 6.09061714094919e-01 4.00000000000000e+00
826 -7.90809733637853e-01 4.96950756782008e-01 4.00000000000000e+00
827 -8.55682940234669e-01 3.73332768696815e-01 4.00000000000000e+00
828 -9.01422048925857e-01 2.41650264055463e-01 4.00000000000000e+00
829 -9.27375873183025e-01 1.04566075780688e-01 4.00000000000000e+00
830 -9.32518771305686e-01 -3.49291354736892e-02 4.00000000000000e+00
831 -9.16580886751480e-01 -1.73601422350663e-01 4.00000000000000e+00
832 -8.80729004294448e-01 -3.08160118377925e-01 4.00000000000000e+00
833 -8.25981658679027e-01 -4.36402791623676e-01 4.00000000000000e+00
834 -7.51484956504936e-01 -5.54730545410130e-01 4.00000000000000e+00
835 -6.59887362539406e-01 -6.59848169398807e-01 4.00000000000000e+00
836 -5.54090557293358e-01 -7.50604703691496e-01 4.00000000000000e+00
837 -4.36202520705066e-01 -8.25053950699175e-01 4.00000000000000e+00
838 -3.08368813971228e-01 -8.81188864007136e-01 4.00000000000000e+00
839 -1.73508471003065e-01 -9.17255259137135e-01 4.00000000000000e+00
840 -3.49561940892427e-02 -9.32827607095524e-01 4.00000000000000e+00
841 1.04494362026384e-01 -9.27690661541529e-01 4.00000000000000e+00
842 2.41579380287110e-01 -9.01531485351519e-01 4.00000000000000e+00
843 3.73158221107531e-01 -8.55318658207039e-01 4.00000000000000e+00
844 4.96557004550242e-01 -7.89944393681622e-01 4.00000000000000e+00
845 6.08778309518526e-01 -7.06701339183927e-01 4.00000000000000e+00
846 7.07476413554984e-01 -6.08143120694951e-01 4.00000000000000e+00
847 7.91188311906012e-01 -4.96593384745429e-01 4.00000000000000e+00
848 8.55904653505606e-01 -3.72321651486046e-01 4.00000000000000e+00
849 9.01046756112868e-01 -2.39438081295762e-01 4.00000000000000e+00
850 9.26447909723434e-01 -1.00262810566658e-01 4.00000000000000e+00
851 9.33076282556190e-01 -3.12464801852089e-02 4.00000000000000e+00
852 9.35265458304094e-01 1.04995019296723e-01 4.00000000000000e+00
853 9.02988083001744e-01 2.38038738798637e-01 4.00000000000000e+00
854 8.56074354483114e-01 3.70416287510672e-01 4.00000000000000e+00
855 7.90100605870793e-01 4.94655863160299e-01 4.00000000000000e+00
856 7.07090800663445e-01 6.07216406210544e-01 4.00000000000000e+00
857 6.08995384125895e-01 7.06390549946482e-01 4.00000000000000e+00
858 4.97029979627667e-01 7.90053998410237e-01 4.00000000000000e+00
859 3.73285079588393e-01 8.55262783128007e-01 4.00000000000000e+00
860 2.41491823007562e-01 9.00819370554593e-01 4.00000000000000e+00
861 1.04705705171251e-01 9.27175544221774e-01 4.00000000000000e+00
862 -3.49012716338547e-02 9.33047622954915e-01 4.00000000000000e+00
863 -1.73560176303763e-01 9.17331300816827e-01 4.00000000000000e+00
864 -3.08329291237522e-01 8.81664142696082e-01 4.00000000000000e+00
865 -4.36271852788486e-01 8.25460052780853e-01 4.00000000000000e+00
866 -5.53912529144641e-01 7.50748700201242e-01 4.00000000000000e+00
867 -6.59748625609019e-01 6.60009060725588e-01 4.00000000000000e+00
868 -7.51329426448520e-01 5.54697769168216e-01 4.00000000000000e+00
869 -8.25683920175344e-01 4.36387900542594e-01 4.00000000000000e+00
870 -8.80978686559696e-01 3.08359091251129e-01 4.00000000000000e+00
871 -9.16975350161445e-01 1.73626548780123e-01 4.00000000000000e+00
872 -9.32601204729095e-01 3.49246872990652e-02 4.00000000000000e+00
873 -9.27159859754163e-01 -1.04594332807693e-01 4.00000000000000e+00
874 -9.01018813468407e-01 -2.41571027923925e-01 4.00000000000000e+00
875 -8.55849208437109e-01 -3.73230168912598e-01 4.00000000000000e+00
876 -7.91180968871242e-01 -4.97128164346031e-01 4.00000000000000e+00
877 -7.07639329475182e-01 -6.09012707462366e-01 4.00000000000000e+00
878 -6.08657033009005e-01 -7.07150361967018e-01 4.00000000000000e+00
879 -4.96552377748019e-01 -7.89996137687843e-01 4.00000000000000e+00
880 -3.73395256573664e-01 -8.55570210529735e-01 4.00000000000000e+00
881 -2.41620837482266e-01 -9.01823548801339e-01 4.00000000000000e+00
882 -1.04524296151318e-01 -9.27636981800727e-01 4.00000000000000e+00
883 3.48256418060627e-02 -9.32936440598475e-01 4.00000000000000e+00
884 1.73555617270056e-01 -9.17235886354423e-01 4.00000000000000e+00
885 3.08215139559814e-01 -8.80890143306282e-01 4.00000000000000e+00
886 4.36085850612889e-01 -8.24984262035838e-01 4.00000000000000e+00
887 5.54258629925056e-01 -7.50420578046605e-01 4.00000000000000e+00
888 6.59947370932864e-01 -6.59104582932008e-01 4.00000000000000e+00
889 7.51398169616747e-01 -5.53996156685272e-01 4.00000000000000e+00
890 8.26207287059131e-01 -4.35753444458931e-01 4.00000000000000e+00
891 8.80749249760364e-01 -3.06717693178428e-01 4.00000000000000e+00
892 9.16437652372563e-01 -1.70226670169012e-01 4.00000000000000e+00
893 7.83266722658864e-01 3.72006865791600e-01 4.00000000000000e+00
894 8.10056957529982e-01 3.10860037555571e-01 4.00000000000000e+00
895 8.86568158024601e-01 6.76659070158140e-02 4.00000000000000e+00
896 7.16765546896863e-01 4.85427748994520e-01 4.00000000000000e+00
897 6.35667088458370e-01 5.87591786645266e-01 4.00000000000000e+00
898 5.41928447083810e-01 6.77125130367318e-01 4.00000000000000e+00
899 4.34943285409328e-01 7.51816891673087e-01 4.00000000000000e+00
900 3.17100992928278e-01 8.07446833271535e-01 4.00000000000000e+00
901 1.93047258270407e-01 8.44748431476542e-01 4.00000000000000e+00
902 6.52155243761528e-02 8.65662605028338e-01 4.00000000000000e+00
903 -6.51777336307496e-02 8.66598299617926e-01 4.00000000000000e+00
904 -1.93134031575863e-01 8.46832456413887e-01 4.00000000000000e+00
905 -3.17556691227358e-01 8.09862899339657e-01 4.00000000000000e+00
906 -4.33961905694912e-01 7.52014136019124e-01 4.00000000000000e+00
907 -5.40427162026319e-01 6.78264191549456e-01 4.00000000000000e+00
908 -6.36219083082642e-01 5.90685291029719e-01 4.00000000000000e+00
909 -7.18461022566137e-01 4.90071898949427e-01 4.00000000000000e+00
910 -7.82944311550817e-01 3.77130859919841e-01 4.00000000000000e+00
911 -8.29376908846926e-01 2.56165661117193e-01 4.00000000000000e+00
912 -8.58304857100358e-01 1.29615090868887e-01 4.00000000000000e+00
913 -8.67970553447168e-01 3.09431310895520e-05 4.00000000000000e+00
914 -8.57663721565120e-01 -1.29619546220372e-01 4.00000000000000e+00
915 -8.28418787258492e-01 -2.55904106891388e-01 4.00000000000000e+00
916 -7.83588096260376e-01 -3.77102812006025e-01 4.00000000000000e+00
917 -7.19038203111991e-01 -4.90335657473499e-01 4.00000000000000e+00
918 -6.36557071930217e-01 -5.90337185044674e-01 4.00000000000000e+00
919 -5.40947762744345e-01 -6.77985845015970e-01 4.00000000000000e+00
920 -4.34122599636533e-01 -7.51395941872917e-01 4.00000000000000e+00
921 -3.17474575379031e-01 -8.08627180190175e-01 4.00000000000000e+00
922 -1.93216156554816e-01 -8.46952482616653e-01 4.00000000000000e+00
923 -6.49648372533968e-02 -8.65988223863255e-01 4.00000000000000e+00
924 6.47565890095444e-02 -8.66352505982393e-01 4.00000000000000e+00
925 1.93243409213007e-01 -8.46591332084118e-01 4.00000000000000e+00
926 3.16963315687318e-01 -8.07939435580069e-01 4.00000000000000e+00
927 4.34055984170361e-01 -7.51426535738152e-01 4.00000000000000e+00
928 5.41359049067458e-01 -6.77487121050154e-01 4.00000000000000e+00
929 6.36461808253999e-01 -5.88496744493963e-01 4.00000000000000e+00
930 7.18941896330880e-01 -4.88897505377054e-01 4.00000000000000e+00
931 7.83956818796592e-01 -3.75591646388798e-01 4.00000000000000e+00
932 8.28665265344620e-01 -2.52648996793509e-01 4.00000000000000e+00
933 8.57295938029182e-01 -1.21527516868116e-01 4.00000000000000e+00
934 8.31793141733372e-01 2.47879715668281e-01 4.00000000000000e+00
935 8.50322379117435e-01 1.84270457373668e-01 4.00000000000000e+00
936 7.52155985211969e-01 4.29996442159917e-01 4.00000000000000e+00
937 6.77922554002214e-01 5.38013355598502e-01 4.00000000000000e+00
938 5.90356929661684e-01 6.33941461478496e-01 4.00000000000000e+00
939 4.90071596376786e-01 7.16687890627520e-01 4.00000000000000e+00
940 3.77086748747111e-01 7.82104244779785e-01 4.00000000000000e+00
941 2.55641140740612e-01 8.28132203934167e-01 4.00000000000000e+00
942 1.29559108666480e-01 8.57272189832274e-01 4.00000000000000e+00
943 1.27192980971520e-04 8.68921188721488e-01 4.00000000000000e+00
944 -1.29669107900544e-01 8.58720343646371e-01 4.00000000000000e+00
945 -2.55828625818434e-01 8.30767710591915e-01 4.00000000000000e+00
946 -3.77106214309501e-01 7.83210956306893e-01 4.00000000000000e+00
947 -4.88334932789178e-01 7.16853456349901e-01 4.00000000000000e+00
948 -5.89850725084927e-01 6.36095476147845e-01 4.00000000000000e+00
949 -6.79213239378627e-01 5.42007488854560e-01 4.00000000000000e+00
950 -7.53032118631105e-01 4.34818535732044e-01 4.00000000000000e+00
951 -8.08174501240361e-01 3.17407478111658e-01 4.00000000000000e+00
952 -8.46108580444073e-01 1.93427096957524e-01 4.00000000000000e+00
953 -8.65564059942835e-01 6.49927112437383e-02 4.00000000000000e+00
954 -8.65309212521859e-01 -6.49528993357123e-02 4.00000000000000e+00
955 -8.45147316998077e-01 -1.93348577155972e-01 4.00000000000000e+00
956 -8.07974492330202e-01 -3.17064597350359e-01 4.00000000000000e+00
957 -7.53901685842281e-01 -4.35146966558838e-01 4.00000000000000e+00
958 -6.79483416641795e-01 -5.41842667048441e-01 4.00000000000000e+00
959 -5.90236127923798e-01 -6.35789216537475e-01 4.00000000000000e+00
960 -4.88793001092278e-01 -7.16550355724529e-01 4.00000000000000e+00
961 -3.76915544095051e-01 -7.82184218140077e-01 4.00000000000000e+00
962 -2.56057842219752e-01 -8.30173152953749e-01 4.00000000000000e+00
963 -1.29371999115429e-01 -8.58712310885492e-01 4.00000000000000e+00
964 -1.89742203332601e-04 -8.68498757290955e-01 4.00000000000000e+00
965 1.29422029805610e-01 -8.58921545398370e-01 4.00000000000000e+00
966 2.55775593766136e-01 -8.29419730776480e-01 4.00000000000000e+00
967 3.76498789067586e-01 -7.81899455743251e-01 4.00000000000000e+00
968 4.89045851514141e-01 -7.16523965770935e-01 4.00000000000000e+00
969 5.90458108811319e-01 -6.34647556198490e-01 4.00000000000000e+00
970 6.79077207067446e-01 -5.39894574635500e-01 4.00000000000000e+00
971 7.54374990522992e-01 -4.34206672773368e-01 4.00000000000000e+00
972 8.07893985444540e-01 -3.15072303454003e-01 4.00000000000000e+00
973 8.45924483350498e-01 -1.88298032158879e-01 4.00000000000000e+00
974 8.68108355468632e-01 1.22750972281587e-01 4.00000000000000e+00
975 8.62450872644459e-01 -5.36843302342108e-02 4.00000000000000e+00
976 8.70580421897191e-01 1.05698793661692e-02 4.00000000000000e+00
977 7.99303774594661e-01 1.28856651940832e-01 4.00000000000000e+00
978 7.92080833598736e-01 -1.41702876014972e-01 4.00000000000000e+00
979 8.23275397704479e-01 6.55502870615583e-02 4.00000000000000e+00
980 6.46107405682690e-01 4.72142001661831e-01 4.00000000000000e+00
981 5.67716168303915e-01 5.64243858257330e-01 4.00000000000000e+00
982 4.79162107178683e-01 6.45616240775923e-01 4.00000000000000e+00
983 3.77195219914168e-01 7.11802171466037e-01 4.00000000000000e+00
984 2.65284738625521e-01 7.57167250020228e-01 4.00000000000000e+00
985 1.49203496057065e-01 7.87427644889850e-01 4.00000000000000e+00
986 3.04278088017510e-02 8.04910265950504e-01 4.00000000000000e+00
987 -9.09118898013087e-02 8.00249320249523e-01 4.00000000000000e+00
988 -2.07841646169649e-01 7.77787945308946e-01 4.00000000000000e+00
989 -3.22663240144659e-01 7.40379399756178e-01 4.00000000000000e+00
990 -4.26421169240098e-01 6.80513642086583e-01 4.00000000000000e+00
991 -5.23279568917102e-01 6.08784839074677e-01 4.00000000000000e+00
992 -6.09874692490419e-01 5.25049926956576e-01 4.00000000000000e+00
993 -6.83550616687167e-01 4.29703054242640e-01 4.00000000000000e+00
994 -7.37435478240281e-01 3.22366214236187e-01 4.00000000000000e+00
995 -7.76332811957461e-01 2.08739413798653e-01 4.00000000000000e+00
996 -7.99078744164549e-01 9.03590542138312e-02 4.00000000000000e+00
997 -8.03368650953149e-01 -2.99846875758485e-02 4.00000000000000e+00
998 -7.88552726314877e-01 -1.50010790838514e-01 4.00000000000000e+00
999 -7.56885177053122e-01 -2.65751453963403e-01 4.00000000000000e+00
1000 -7.14823338668238e-01 -3.77576309418280e-01 4.00000000000000e+00
1001 -6.49342321600944e-01 -4.79028406577634e-01 4.00000000000000e+00
1002 -5.68762338308514e-01 -5.67645645053242e-01 4.00000000000000e+00
1003 -4.76911783168425e-01 -6.45693921330843e-01 4.00000000000000e+00
1004 -3.76014598058052e-01 -7.10729932038939e-01 4.00000000000000e+00
1005 -2.66063022909851e-01 -7.60337175592323e-01 4.00000000000000e+00
1006 -1.49480213677043e-01 -7.90959040649829e-01 4.00000000000000e+00
1007 -3.03475349241216e-02 -8.04036598732442e-01 4.00000000000000e+00
1008 8.99640951403830e-02 -8.00546896489024e-01 4.00000000000000e+00
1009 2.08039227914704e-01 -7.76741072156296e-01 4.00000000000000e+00
1010 3.21168461948301e-01 -7.36913191122335e-01 4.00000000000000e+00
1011 4.27937218778342e-01 -6.80277955104511e-01 4.00000000000000e+00
1012 5.24847994412874e-01 -6.07286459930772e-01 4.00000000000000e+00
1013 6.09825907278473e-01 -5.20589086611991e-01 4.00000000000000e+00
1014 6.85767306721450e-01 -4.28734871113957e-01 4.00000000000000e+00
1015 7.37198315986548e-01 -3.19545700175420e-01 4.00000000000000e+00
1016 7.13044315606705e-01 3.69229495477130e-01 4.00000000000000e+00
1017 6.81142765986072e-01 4.21778683245471e-01 4.00000000000000e+00
1018 7.75647234320590e-01 -2.02581990906201e-01 4.00000000000000e+00
1019 7.63740250091619e-01 2.54271286317122e-01 4.00000000000000e+00
1020 7.40645046857140e-01 3.14032712912826e-01 4.00000000000000e+00
1021 6.08411377243835e-01 5.19476847379517e-01 4.00000000000000e+00
1022 5.24826104529667e-01 6.06276280356445e-01 4.00000000000000e+00
1023 4.29977216960459e-01 6.81252841252995e-01 4.00000000000000e+00
1024 3.21936395748151e-01 7.36908778696484e-01 4.00000000000000e+00
1025 2.07607996312860e-01 7.73947909134300e-01 4.00000000000000e+00
1026 9.00929833127290e-02 7.97998592855621e-01 4.00000000000000e+00
1027 -3.04670480708679e-02 8.06173233413999e-01 4.00000000000000e+00
1028 -1.49769833287841e-01 7.89898700579648e-01 4.00000000000000e+00
1029 -2.66054304011117e-01 7.62648945968243e-01 4.00000000000000e+00
1030 -3.75848024861118e-01 7.12281363409405e-01 4.00000000000000e+00
1031 -4.75806048396237e-01 6.46373790794498e-01 4.00000000000000e+00
1032 -5.68043937904770e-01 5.68329457399243e-01 4.00000000000000e+00
1033 -6.48938756457680e-01 4.79398277499585e-01 4.00000000000000e+00
1034 -7.13043049446097e-01 3.77136397603536e-01 4.00000000000000e+00
1035 -7.58784034303229e-01 2.66349626151056e-01 4.00000000000000e+00
1036 -7.90054108830612e-01 1.50129045266890e-01 4.00000000000000e+00
1037 -8.03578401202811e-01 3.02626833472775e-02 4.00000000000000e+00
1038 -7.98500408434504e-01 -9.03009977619948e-02 4.00000000000000e+00
1039 -7.74195534256423e-01 -2.08655359550788e-01 4.00000000000000e+00
1040 -7.37978983764856e-01 -3.22138564060076e-01 4.00000000000000e+00
1041 -6.85229735031772e-01 -4.30617876352498e-01 4.00000000000000e+00
1042 -6.10576094988801e-01 -5.24294991873876e-01 4.00000000000000e+00
1043 -5.24255995421138e-01 -6.08368297200804e-01 4.00000000000000e+00
1044 -4.27660370534980e-01 -6.79858744135274e-01 4.00000000000000e+00
1045 -3.22185016749211e-01 -7.37911164700280e-01 4.00000000000000e+00
1046 -2.08398300529062e-01 -7.78180273119753e-01 4.00000000000000e+00
1047 -9.00785272832733e-02 -7.99578401275548e-01 4.00000000000000e+00
1048 2.96311055804035e-02 -8.04870481316953e-01 4.00000000000000e+00
1049 1.49662293007224e-01 -7.91169494399197e-01 4.00000000000000e+00
1050 2.65129608090105e-01 -7.58841828685754e-01 4.00000000000000e+00
1051 3.75709954065409e-01 -7.10854563980854e-01 4.00000000000000e+00
1052 4.77793475984024e-01 -6.45748636194667e-01 4.00000000000000e+00
1053 5.69096483034164e-01 -5.65162724498331e-01 4.00000000000000e+00
1054 6.48543679314258e-01 -4.74853737760573e-01 4.00000000000000e+00
1055 7.16140785853988e-01 -3.75888827667465e-01 4.00000000000000e+00
1056 7.57167519909635e-01 -2.61580146669765e-01 4.00000000000000e+00
1057 7.81199201144882e-01 1.92272432375551e-01 4.00000000000000e+00
1058 7.96807252320529e-01 -7.47186195427425e-02 4.00000000000000e+00
1059 6.68174019688288e-01 -3.23129451131046e-01 4.00000000000000e+00
1060 2.71033945638212e-01 6.88459834036631e-01 4.00000000000000e+00
1061 5.41643304490791e-01 4.96768663875528e-01 4.00000000000000e+00
1062 7.28520989705159e-01 1.38283760586614e-01 4.00000000000000e+00
1063 3.74322547177140e-01 6.44727535745915e-01 4.00000000000000e+00
1064 4.21176053472320e-01 6.12994003424797e-01 4.00000000000000e+00
1065 3.23606800212986e-01 6.69945361448665e-01 4.00000000000000e+00
1066 5.78319290564809e-01 4.54461316680622e-01 4.00000000000000e+00
1067 1.63720664391099e-01 7.17754317741061e-01 4.00000000000000e+00
1068 5.45169488414790e-02 7.39109117958767e-01 4.00000000000000e+00
1069 -5.70814413832224e-02 7.44453642012117e-01 4.00000000000000e+00
1070 -1.65029280867859e-01 7.20253801361285e-01 4.00000000000000e+00
1071 -2.73122913622143e-01 6.98798485744220e-01 4.00000000000000e+00
1072 -3.67222582281851e-01 6.41961528395544e-01 4.00000000000000e+00
1073 -4.59761563475674e-01 5.78922366965703e-01 4.00000000000000e+00
1074 -5.43394607357484e-01 5.03565817290008e-01 4.00000000000000e+00
1075 -6.17782696731849e-01 4.21761572963357e-01 4.00000000000000e+00
1076 -6.68980527652708e-01 3.24321397698797e-01 4.00000000000000e+00
1077 -7.07720897626179e-01 2.20052794061129e-01 4.00000000000000e+00
1078 -7.33637649028510e-01 1.11544683729274e-01 4.00000000000000e+00
1079 -7.41194032219862e-01 4.21576126795077e-04 4.00000000000000e+00
1080 -7.32184962238510e-01 -1.11269355593244e-01 4.00000000000000e+00
1081 -7.02707621747246e-01 -2.19817447124764e-01 4.00000000000000e+00
1082 -6.72144089491550e-01 -3.24774859734969e-01 4.00000000000000e+00
1083 -6.19077855374915e-01 -4.21349653581518e-01 4.00000000000000e+00
1084 -5.45249696297227e-01 -5.02177506744646e-01 4.00000000000000e+00
1085 -4.61556057168579e-01 -5.77652428638085e-01 4.00000000000000e+00
1086 -3.70682158301492e-01 -6.40997831854432e-01 4.00000000000000e+00
1087 -2.71868549797673e-01 -6.92710644481050e-01 4.00000000000000e+00
1088 -1.65280119472903e-01 -7.25197087375378e-01 4.00000000000000e+00
1089 -5.54722458153459e-02 -7.39632017688942e-01 4.00000000000000e+00
1090 5.47656548528899e-02 -7.42745607961948e-01 4.00000000000000e+00
1091 1.64962533274394e-01 -7.23739032712022e-01 4.00000000000000e+00
1092 2.69764516327554e-01 -6.90157906329852e-01 4.00000000000000e+00
1093 3.71034161380429e-01 -6.42146020372883e-01 4.00000000000000e+00
1094 4.62986262656084e-01 -5.77758852799036e-01 4.00000000000000e+00
1095 5.44517125926422e-01 -4.97316762853141e-01 4.00000000000000e+00
1096 6.17191795496226e-01 -4.11312707357696e-01 4.00000000000000e+00
1097 6.55807367658637e-01 -3.75492512871731e-01 4.00000000000000e+00
1098 7.88915615049740e-01 -6.34803565257445e-04 4.00000000000000e+00
1099 4.63335394971033e-01 5.76401598003872e-01 4.00000000000000e+00
1100 7.04698530009604e-01 -2.10607434728469e-01 4.00000000000000e+00
1101 7.50316447448289e-01 7.19752682223559e-02 4.00000000000000e+00
1102 5.03121375289069e-01 5.37439812792638e-01 4.00000000000000e+00
1103 7.43288768757117e-01 -1.02642004790381e-01 4.00000000000000e+00
1104 6.86563305257044e-01 -2.67124019816828e-01 4.00000000000000e+00
1105 2.17796535892301e-01 7.04185900114490e-01 4.00000000000000e+00
1106 1.09147183303546e-01 7.29313713391841e-01 4.00000000000000e+00
1107 -1.08928203057857e-04 7.46941410083970e-01 4.00000000000000e+00
1108 -1.11117184843307e-01 7.32057648360612e-01 4.00000000000000e+00
1109 -2.19047234941513e-01 7.12705490483981e-01 4.00000000000000e+00
1110 -3.22407472656254e-01 6.72794218957190e-01 4.00000000000000e+00
1111 -4.13720983578663e-01 6.11945485595876e-01 4.00000000000000e+00
1112 -5.03023059911029e-01 5.42142783703059e-01 4.00000000000000e+00
1113 -5.81644372232771e-01 4.63166678420887e-01 4.00000000000000e+00
1114 -6.46932614573030e-01 3.73781055045331e-01 4.00000000000000e+00
1115 -6.89536715181991e-01 2.72633678438501e-01 4.00000000000000e+00
1116 -7.22410178358468e-01 1.66318834775361e-01 4.00000000000000e+00
1117 -7.39483268298566e-01 5.57944620062165e-02 4.00000000000000e+00
1118 -7.39244091603416e-01 -5.52127235602825e-02 4.00000000000000e+00
1119 -7.19202255912510e-01 -1.66177602063013e-01 4.00000000000000e+00
1120 -6.86121530732086e-01 -2.72270008178169e-01 4.00000000000000e+00
1121 -6.51262713065077e-01 -3.76175399827252e-01 4.00000000000000e+00
1122 -5.82127427235751e-01 -4.60970789628749e-01 4.00000000000000e+00
1123 -5.04764015826795e-01 -5.41757986033675e-01 4.00000000000000e+00
1124 -4.16455349590539e-01 -6.10074306081800e-01 4.00000000000000e+00
1125 -3.22291088081364e-01 -6.68840839137779e-01 4.00000000000000e+00
1126 -2.19208854784953e-01 -7.11101548229771e-01 4.00000000000000e+00
1127 -1.10481323338804e-01 -7.33920161307230e-01 4.00000000000000e+00
1128 -8.19429965435472e-04 -7.42484674270791e-01 4.00000000000000e+00
1129 1.10698009585267e-01 -7.36136412583195e-01 4.00000000000000e+00
1130 2.17492333472541e-01 -7.07561514603280e-01 4.00000000000000e+00
1131 3.21369383712798e-01 -6.68414758810607e-01 4.00000000000000e+00
1132 4.17823138805025e-01 -6.11501322498051e-01 4.00000000000000e+00
1133 5.05719486951123e-01 -5.39507724864923e-01 4.00000000000000e+00
1134 5.80743492609960e-01 -4.53601419963199e-01 4.00000000000000e+00
1135 6.44756891312600e-01 3.60397299137414e-01 4.00000000000000e+00
1136 7.15313350745834e-01 2.00800869858037e-01 4.00000000000000e+00
1137 6.73337761527009e-01 3.12944926638727e-01 4.00000000000000e+00
1138 6.13206136482406e-01 4.08772798976355e-01 4.00000000000000e+00
1139 6.99703134034112e-01 2.60172956648616e-01 4.00000000000000e+00
1140 7.23952131813978e-01 -1.54326434082609e-01 4.00000000000000e+00
1141 6.17758164030712e-01 -2.74469437643309e-01 4.00000000000000e+00
1142 5.15353365625623e-01 -4.29605066757132e-01 4.00000000000000e+00
1143 6.99183531017337e-01 1.99561113515461e-02 4.00000000000000e+00
1144 4.77103506443740e-01 4.69946403242240e-01 4.00000000000000e+00
1145 1.22952482445004e-01 6.60356724855215e-01 4.00000000000000e+00
1146 7.25478044197298e-01 -4.47803654298090e-02 4.00000000000000e+00
1147 6.54312831012641e-01 -1.55590529464124e-01 4.00000000000000e+00
1148 2.00028274565054e-02 6.82098621023779e-01 4.00000000000000e+00
1149 1.74424041707716e-01 6.48027354021380e-01 4.00000000000000e+00
1150 7.09356173571080e-02 6.70814337941972e-01 4.00000000000000e+00
1151 6.55855488150757e-01 1.56101883338554e-01 4.00000000000000e+00
1152 -7.40759857711522e-02 6.76975990092737e-01 4.00000000000000e+00
1153 -1.80649842420734e-01 6.50417281328881e-01 4.00000000000000e+00
1154 -2.73942921234223e-01 6.39699148446546e-01 4.00000000000000e+00
1155 -3.51678532124114e-01 5.74109545373363e-01 4.00000000000000e+00
1156 -4.41956241345019e-01 5.14211538774109e-01 4.00000000000000e+00
1157 -5.17624975028935e-01 4.41425685818783e-01 4.00000000000000e+00
1158 -5.88700505819740e-01 3.70831243526838e-01 4.00000000000000e+00
1159 -6.22120247194370e-01 2.77707624618958e-01 4.00000000000000e+00
1160 -6.54624195688687e-01 1.78464894649416e-01 4.00000000000000e+00
1161 -6.77508882839188e-01 7.72623794993457e-02 4.00000000000000e+00
1162 -6.78752003419194e-01 -2.46158148098029e-02 4.00000000000000e+00
1163 -6.66110502868827e-01 -1.28133084021588e-01 4.00000000000000e+00
1164 -6.29066418491858e-01 -2.28462310193165e-01 4.00000000000000e+00
1165 -6.14445807444836e-01 -3.29967714578600e-01 4.00000000000000e+00
1166 -5.53530156822166e-01 -3.97475949459013e-01 4.00000000000000e+00
1167 -4.84643993357696e-01 -4.78044875023421e-01 4.00000000000000e+00
1168 -4.01202255852129e-01 -5.41944955534823e-01 4.00000000000000e+00
1169 -3.18105666715402e-01 -6.01827569825773e-01 4.00000000000000e+00
1170 -2.26350950159202e-01 -6.46559973567716e-01 4.00000000000000e+00
1171 -1.27423161575800e-01 -6.70420775384897e-01 4.00000000000000e+00
1172 -2.56046563043987e-02 -6.77412969687027e-01 4.00000000000000e+00
1173 7.58321492851476e-02 -6.83904503123409e-01 4.00000000000000e+00
1174 1.73368856943366e-01 -6.54553136548226e-01 4.00000000000000e+00
1175 2.70734028171940e-01 -6.24923771073412e-01 4.00000000000000e+00
1176 3.61540232112120e-01 -5.75187243810060e-01 4.00000000000000e+00
1177 4.46014011515906e-01 -5.13506014637068e-01 4.00000000000000e+00
1178 4.83434885107377e-01 -4.73836528835577e-01 4.00000000000000e+00
1179 4.05822503668620e-01 5.45722049356690e-01 4.00000000000000e+00
1180 6.80463351225944e-01 -9.77042531812648e-02 4.00000000000000e+00
1181 -2.31285650613630e-01 6.55672121252717e-01 4.00000000000000e+00
1182 6.72925329446144e-01 8.86113808551431e-02 4.00000000000000e+00
1183 2.24462415342929e-01 6.35765236794134e-01 4.00000000000000e+00
1184 -2.72280166135198e-02 6.95975427724198e-01 4.00000000000000e+00
1185 5.12713685712937e-01 4.31498416229327e-01 4.00000000000000e+00
1186 6.34124052660584e-01 -2.14771730496262e-01 4.00000000000000e+00
1187 3.23406535135481e-01 6.08167113261243e-01 4.00000000000000e+00
1188 6.56865487561975e-01 2.14307187070939e-01 4.00000000000000e+00
1189 2.74247196611130e-01 6.23168394048939e-01 4.00000000000000e+00
1190 4.41268649213124e-01 5.08213049968872e-01 4.00000000000000e+00
1191 5.51748635175541e-01 -3.84527824888986e-01 4.00000000000000e+00
1192 -1.25836147695217e-01 6.60068292807348e-01 4.00000000000000e+00
1193 5.81163780445304e-01 3.46413671822660e-01 4.00000000000000e+00
1194 -3.06664784319056e-01 6.03940233642874e-01 4.00000000000000e+00
1195 -3.98570490351966e-01 5.47749147734356e-01 4.00000000000000e+00
1196 -4.79256378389826e-01 4.77032590912089e-01 4.00000000000000e+00
1197 -5.53689092781672e-01 4.03778131190898e-01 4.00000000000000e+00
1198 -6.00375839227718e-01 3.23592319152947e-01 4.00000000000000e+00
1199 -6.40578204296388e-01 2.27752180126797e-01 4.00000000000000e+00
1200 -6.69169235655652e-01 1.29035397362790e-01 4.00000000000000e+00
1201 -6.78252924551278e-01 2.64608283126458e-02 4.00000000000000e+00
1202 -6.77077669443831e-01 -7.60853455304287e-02 4.00000000000000e+00
1203 -6.47370994406074e-01 -1.77973731659601e-01 4.00000000000000e+00
1204 -6.15029688708753e-01 -2.80561199966242e-01 4.00000000000000e+00
1205 -5.93477111746552e-01 -3.69767495940580e-01 4.00000000000000e+00
1206 -5.19299784660182e-01 -4.37301955243516e-01 4.00000000000000e+00
1207 -4.44534997699942e-01 -5.13410745411626e-01 4.00000000000000e+00
1208 -3.59188282865014e-01 -5.71565078739246e-01 4.00000000000000e+00
1209 -2.72413060131416e-01 -6.27026566488729e-01 4.00000000000000e+00
1210 -1.76591920546558e-01 -6.61650794889603e-01 4.00000000000000e+00
1211 -7.58281218764781e-02 -6.76291251007026e-01 4.00000000000000e+00
1212 2.40597847296761e-02 -6.83688198856737e-01 4.00000000000000e+00
1213 1.26254783177342e-01 -6.72340327867575e-01 4.00000000000000e+00
1214 2.21811630688192e-01 -6.39622591411527e-01 4.00000000000000e+00
1215 3.18537341752036e-01 -6.02973877870660e-01 4.00000000000000e+00
1216 4.04139723187623e-01 -5.45279751207438e-01 4.00000000000000e+00
1217 6.04707620293268e-01 2.98235566097743e-01 4.00000000000000e+00
1218 5.49088961572070e-01 3.92214434818449e-01 4.00000000000000e+00
1219 5.96073474601818e-01 -3.38837917598392e-01 4.00000000000000e+00
1220 3.68852573898890e-01 5.81201148568013e-01 4.00000000000000e+00
1221 -2.84427060785336e-01 5.38867588151337e-01 4.00000000000000e+00
1222 -8.01883712452850e-02 6.04709322875930e-01 4.00000000000000e+00
1223 5.63349368646733e-01 -2.20954956381926e-01 4.00000000000000e+00
1224 4.48793865621013e-01 4.03127257749299e-01 4.00000000000000e+00
1225 3.80651498671821e-01 4.79615371292709e-01 4.00000000000000e+00
1226 -5.72869887955141e-01 -1.86250064011287e-01 4.00000000000000e+00
1227 4.79884751159754e-01 -3.64238684557106e-01 4.00000000000000e+00
1228 -3.87077677654344e-01 4.90211594771707e-01 4.00000000000000e+00
1229 3.48278626863231e-01 -5.10874045285961e-01 4.00000000000000e+00
1230 -4.97787439394643e-01 3.82507074541715e-01 4.00000000000000e+00
1231 -5.80247823008355e-01 2.36517822152184e-01 4.00000000000000e+00
1232 -6.00707575409209e-01 1.39308553572625e-01 4.00000000000000e+00
1233 -6.14942921478354e-01 5.02785067675728e-02 4.00000000000000e+00
1234 -6.17414060660049e-01 -4.71315686994569e-02 4.00000000000000e+00
1235 -5.94560686748223e-01 -1.35290047796036e-01 4.00000000000000e+00
1236 -6.20376425066717e-01 -9.31129585549022e-02 4.00000000000000e+00
1237 -5.42238146145727e-01 -3.16917396209520e-01 4.00000000000000e+00
1238 -4.59315005558511e-01 -4.15810392713646e-01 4.00000000000000e+00
1239 -3.86375325478575e-01 -4.74697977539950e-01 4.00000000000000e+00
1240 -3.02167392147776e-01 -5.32903263338680e-01 4.00000000000000e+00
1241 -2.24995692851761e-01 -5.79224800894614e-01 4.00000000000000e+00
1242 -1.39086571355458e-01 -6.03932665324608e-01 4.00000000000000e+00
1243 -4.73816014376259e-02 -6.10355729315903e-01 4.00000000000000e+00
1244 4.76739918114466e-02 -6.32686076785511e-01 4.00000000000000e+00
1245 1.28286479629901e-01 -6.02446001449628e-01 4.00000000000000e+00
1246 2.24540439283239e-01 -5.73077628952592e-01 4.00000000000000e+00
1247 3.06656351377876e-01 -5.36869736948974e-01 4.00000000000000e+00
1248 -4.54672971445097e-01 4.11094201939556e-01 4.00000000000000e+00
1249 6.17636063821603e-01 3.77267437676690e-02 4.00000000000000e+00
1250 6.40390949725533e-01 2.61550725683757e-01 4.00000000000000e+00
1251 -5.28848529582040e-01 3.35208808479526e-01 4.00000000000000e+00
1252 1.83117054791380e-01 5.76176641565432e-01 4.00000000000000e+00
1253 5.55285964139562e-01 -2.79491021593649e-01 4.00000000000000e+00
1254 3.23348396652076e-01 5.54603286186261e-01 4.00000000000000e+00
1255 5.95525637330542e-01 1.16164673444758e-01 4.00000000000000e+00
1256 6.46552734409692e-01 -3.36249538359053e-02 4.00000000000000e+00
1257 5.16274462219535e-01 -3.19110913872782e-01 4.00000000000000e+00
1258 8.23186308930618e-02 6.04535241573004e-01 4.00000000000000e+00
1259 2.30677674494721e-01 5.69236028918221e-01 4.00000000000000e+00
1260 4.13673902187308e-01 4.40971575517261e-01 4.00000000000000e+00
1261 5.82167812196442e-01 -1.58712419651025e-01 4.00000000000000e+00
1262 3.51086326775155e-01 5.18214442931548e-01 4.00000000000000e+00
1263 -1.44701481930109e-01 5.88508087277102e-01 4.00000000000000e+00
1264 -3.38140264308843e-01 5.08784033610078e-01 4.00000000000000e+00
1265 -4.16641434640479e-01 4.49304702845601e-01 4.00000000000000e+00
1266 -5.49513245231916e-01 2.78614315560642e-01 4.00000000000000e+00
1267 -5.85949103323054e-01 1.88341836300289e-01 4.00000000000000e+00
1268 -6.21994715609070e-01 9.62789226053506e-02 4.00000000000000e+00
1269 -6.16665923619329e-01 1.86208263675584e-03 4.00000000000000e+00
1270 3.88958356649496e-01 -4.81573748516462e-01 4.00000000000000e+00
1271 -5.54418190235341e-01 -2.44754972520989e-01 4.00000000000000e+00
1272 5.26299533898085e-01 3.35151410127258e-01 4.00000000000000e+00
1273 -4.94698710301736e-01 -3.69944876976968e-01 4.00000000000000e+00
1274 -4.30981387602312e-01 -4.56000924401342e-01 4.00000000000000e+00
1275 -3.42474862878787e-01 -5.01867562233247e-01 4.00000000000000e+00
1276 -2.70498809683190e-01 -5.68581931582959e-01 4.00000000000000e+00
1277 -1.86134227989503e-01 -6.04928584344819e-01 4.00000000000000e+00
1278 -9.50081962330528e-02 -6.20085965352754e-01 4.00000000000000e+00
1279 3.56568099545009e-03 -6.15183447857927e-01 4.00000000000000e+00
1280 9.01374285043445e-02 -6.28935497914810e-01 4.00000000000000e+00
1281 1.75735442669988e-01 -5.85264740376256e-01 4.00000000000000e+00
1282 2.71951780759673e-01 -5.67747354471129e-01 4.00000000000000e+00
1283 6.07528491973167e-01 -9.46217573724853e-02 4.00000000000000e+00
1284 5.81430612985630e-01 2.10119529026436e-01 4.00000000000000e+00
1285 5.42567167028337e-01 2.79104939643486e-01 4.00000000000000e+00
1286 4.86758420968421e-01 3.66941698463822e-01 4.00000000000000e+00
1287 4.28122386962536e-01 -4.56051971388712e-01 4.00000000000000e+00
1288 4.48658281806210e-01 -4.10346462875607e-01 4.00000000000000e+00
1289 1.34770495280936e-01 5.92538627079984e-01 4.00000000000000e+00
1290 -2.24480580802373e-01 5.82165530209505e-01 4.00000000000000e+00
1291 2.79283119028646e-01 5.63469720410513e-01 4.00000000000000e+00
1292 -4.79303936453923e-01 -2.53358596398494e-01 4.00000000000000e+00
1293 -9.09948389922544e-02 5.33575696189652e-01 4.00000000000000e+00
1294 5.07472158169830e-01 -1.69172790230697e-01 4.00000000000000e+00
1295 3.48853627561346e-01 4.15733608291126e-01 4.00000000000000e+00
1296 -2.58010237078247e-02 6.34292165122048e-01 4.00000000000000e+00
1297 2.74705808078670e-02 6.13766273627639e-01 4.00000000000000e+00
1298 -2.14233673637610e-02 5.54666038618512e-01 4.00000000000000e+00
1299 -5.33297518663171e-01 1.49728296847153e-01 4.00000000000000e+00
1300 1.43295984311932e-01 5.17503311803372e-01 4.00000000000000e+00
1301 -3.30828294290292e-01 -4.30688643719914e-01 4.00000000000000e+00
1302 3.38368386571434e-01 -4.51500010889122e-01 4.00000000000000e+00
1303 3.85673707704641e-01 3.73720851087897e-01 4.00000000000000e+00
1304 -3.89739527598704e-01 3.84531526426919e-01 4.00000000000000e+00
1305 -4.76808685292655e-01 2.74402568098601e-01 4.00000000000000e+00
1306 -4.99693275833489e-01 -1.92967474187248e-01 4.00000000000000e+00
1307 -2.82572364801888e-01 4.68713273455876e-01 4.00000000000000e+00
1308 -5.50908847789099e-01 2.80859986899388e-02 4.00000000000000e+00
1309 -4.32674980217105e-01 -3.63262960503209e-01 4.00000000000000e+00
1310 -3.88074540988213e-01 -4.02705579661322e-01 4.00000000000000e+00
1311 -1.65181974933698e-01 -5.40397786141850e-01 4.00000000000000e+00
1312 -1.75442501063896e-02 -5.46718286223501e-01 4.00000000000000e+00
1313 1.80674642746477e-01 -5.18508078048918e-01 4.00000000000000e+00
1314 5.42137657970830e-01 6.34907689105261e-02 4.00000000000000e+00
1315 4.86939333861267e-01 -2.42098463701302e-01 4.00000000000000e+00
1316 2.91998175344748e-01 -4.74351688133645e-01 4.00000000000000e+00
1317 -5.22046168825578e-01 -1.33891310184742e-01 4.00000000000000e+00
1318 -3.45613013183483e-01 4.36920302589280e-01 4.00000000000000e+00
1319 -2.21611179488230e-01 4.94277590351621e-01 4.00000000000000e+00
1320 -4.55533664672047e-01 -3.10578405603993e-01 4.00000000000000e+00
1321 4.34439206017396e-02 5.44331150487080e-01 4.00000000000000e+00
1322 -1.56951913854643e-01 5.14949599751225e-01 4.00000000000000e+00
1323 3.75527861194195e-01 -4.08889299330771e-01 4.00000000000000e+00
1324 -2.33743103582139e-01 -5.11430252638916e-01 4.00000000000000e+00
1325 -2.80993747803782e-01 -4.66394023297299e-01 4.00000000000000e+00
1326 -5.54733201517939e-01 8.80915634402756e-02 4.00000000000000e+00
1327 3.18066427683688e-01 4.59717677228569e-01 4.00000000000000e+00
1328 5.59503311597890e-01 -2.28764968699140e-02 4.00000000000000e+00
1329 5.31707692129764e-01 -9.94879789059600e-02 4.00000000000000e+00
1330 4.42261646738626e-01 -2.98575829954848e-01 4.00000000000000e+00
1331 -4.43028018318545e-01 3.36843711585222e-01 4.00000000000000e+00
1332 -5.14388675872232e-01 2.13227822727112e-01 4.00000000000000e+00
1333 -5.51342396574762e-01 -7.80301433565599e-02 4.00000000000000e+00
1334 2.41988877833538e-01 -5.07649576350603e-01 4.00000000000000e+00
1335 9.77520823924314e-02 5.45827309654925e-01 4.00000000000000e+00
1336 -9.00413402166701e-02 -5.49082086164927e-01 4.00000000000000e+00
1337 2.95569550904847e-01 5.07427121780736e-01 4.00000000000000e+00
1338 4.77484640234068e-01 2.97752652236986e-01 4.00000000000000e+00
1339 5.82123841870787e-02 -5.64646027363228e-01 4.00000000000000e+00
1340 1.24152567774828e-01 -5.37718041867329e-01 4.00000000000000e+00
1341 5.17657479127626e-01 1.41744539585719e-01 4.00000000000000e+00
1342 -5.62345715966784e-01 -2.36172751967575e-02 4.00000000000000e+00
1343 4.28313668312846e-01 3.34762463003754e-01 4.00000000000000e+00
1344 4.04806074783219e-01 -3.51972079879973e-01 4.00000000000000e+00
1345 1.96283812747400e-01 4.93638774874619e-01 4.00000000000000e+00
1346 -4.23906248045251e-02 4.82747497765600e-01 4.00000000000000e+00
1347 4.83804051318149e-01 2.20036451809153e-01 4.00000000000000e+00
1348 -1.76822267497936e-01 -4.74838447063731e-01 4.00000000000000e+00
1349 -2.83633995705017e-01 4.07323980764895e-01 4.00000000000000e+00
1350 4.92320203968168e-01 1.87870335005234e-02 4.00000000000000e+00
1351 -4.01157619956485e-01 2.68594564217083e-01 4.00000000000000e+00
1352 -4.25167407979264e-01 -2.00669576815492e-01 4.00000000000000e+00
1353 2.80213620521214e-01 4.02248286594640e-01 4.00000000000000e+00
1354 1.82034130305962e-02 -4.86305369402994e-01 4.00000000000000e+00
1355 -2.67043266285258e-01 -3.92980623359116e-01 4.00000000000000e+00
1356 -4.88921182032826e-01 1.06924431887394e-01 4.00000000000000e+00
1357 -4.91217816326077e-01 -1.64789135825411e-02 4.00000000000000e+00
1358 2.89600742695217e-01 -4.00222166649080e-01 4.00000000000000e+00
1359 -4.47887681847271e-01 -1.40466283206033e-01 4.00000000000000e+00
1360 4.00495892630350e-01 -2.35021755766401e-01 4.00000000000000e+00
1361 -1.62617673594069e-01 4.39434189562838e-01 4.00000000000000e+00
1362 1.86483125451927e-01 -4.51167971196937e-01 4.00000000000000e+00
1363 -3.21976941842605e-01 -3.55864418526065e-01 4.00000000000000e+00
1364 -2.25599719815154e-01 4.21438557127351e-01 4.00000000000000e+00
1365 -3.81393394643888e-01 -3.25394805075920e-01 4.00000000000000e+00
1366 -9.85779442579246e-02 4.56593095332906e-01 4.00000000000000e+00
1367 -4.62143632531045e-01 1.57351093395110e-01 4.00000000000000e+00
1368 2.47942415716867e-01 5.15389714719867e-01 4.00000000000000e+00
1369 -2.19195463538129e-01 -4.33692922801871e-01 4.00000000000000e+00
1370 3.17289064878463e-01 3.50679643891424e-01 4.00000000000000e+00
1371 1.94914343241997e-02 4.73238524560349e-01 4.00000000000000e+00
1372 -4.70071517359589e-01 -7.99789081664018e-02 4.00000000000000e+00
1373 -1.15957594974398e-01 -4.77175374522730e-01 4.00000000000000e+00
1374 4.64755590160158e-01 8.20890042129190e-02 4.00000000000000e+00
1375 4.37258215281063e-01 1.49646819497100e-01 4.00000000000000e+00
1376 -3.20473346435035e-01 3.64771958973012e-01 4.00000000000000e+00
1377 4.55839925934612e-01 -1.10845517672373e-01 4.00000000000000e+00
1378 -3.62582078197252e-01 3.18549949353846e-01 4.00000000000000e+00
1379 1.28377988353966e-01 -4.67574801915381e-01 4.00000000000000e+00
1380 3.63224617251144e-01 -2.90747714658000e-01 4.00000000000000e+00
1381 2.54556612316154e-01 4.58062007830149e-01 4.00000000000000e+00
1382 7.72381590609695e-02 -4.95451309770812e-01 4.00000000000000e+00
1383 4.77083593634402e-01 -4.45267108136191e-02 4.00000000000000e+00
1384 -4.90537120443898e-02 -4.78371070783505e-01 4.00000000000000e+00
1385 3.62985869977155e-01 3.06238175535445e-01 4.00000000000000e+00
1386 -4.85309822738230e-01 5.11481500974890e-02 4.00000000000000e+00
1387 4.31037141131533e-01 -1.75287883316657e-01 4.00000000000000e+00
1388 -4.00004126522582e-01 -2.61249945962272e-01 4.00000000000000e+00
1389 1.42464108716727e-01 4.36448320625639e-01 4.00000000000000e+00
1390 2.42602533854474e-01 -4.41442766222780e-01 4.00000000000000e+00
1391 8.52745628814713e-02 4.81698858426381e-01 4.00000000000000e+00
1392 4.17179304065571e-01 2.67436025420232e-01 4.00000000000000e+00
1393 4.07726990431226e-01 2.06417676396876e-01 4.00000000000000e+00
1394 -3.27187205365880e-01 2.56590434687707e-01 4.00000000000000e+00
1395 -4.18179021985823e-01 9.41154726147262e-02 4.00000000000000e+00
1396 -1.72584887996771e-01 3.70202089953890e-01 4.00000000000000e+00
1397 2.05926177473087e-01 -3.86543593509852e-01 4.00000000000000e+00
1398 -4.34438560502302e-01 2.13236040808398e-01 4.00000000000000e+00
1399 -4.13490352746444e-01 -3.40299043030446e-02 4.00000000000000e+00
1400 3.53570031843589e-01 -1.75136678950837e-01 4.00000000000000e+00
1401 6.60602643858868e-02 -4.27696811782242e-01 4.00000000000000e+00
1402 2.43107889082183e-01 3.38158482150588e-01 4.00000000000000e+00
1403 -4.20650912045670e-01 2.75829342927157e-02 4.00000000000000e+00
1404 6.96127121139910e-02 3.92944928504204e-01 4.00000000000000e+00
1405 -5.31698844850305e-03 -4.10442865284138e-01 4.00000000000000e+00
1406 3.87298258123930e-01 9.64701083802837e-02 4.00000000000000e+00
1407 4.19210303539762e-01 1.96597526467038e-02 4.00000000000000e+00
1408 -3.75953430749570e-01 -1.49281494776626e-01 4.00000000000000e+00
1409 -8.00937037096195e-02 -4.07709223641165e-01 4.00000000000000e+00
1410 2.09298508970848e-01 4.09005075745991e-01 4.00000000000000e+00
1411 -1.50978358365556e-01 -4.13049222052678e-01 4.00000000000000e+00
1412 -3.15111402199999e-01 -2.74478261483544e-01 4.00000000000000e+00
1413 3.25722086371440e-01 -3.44883359127613e-01 4.00000000000000e+00
1414 -2.90520042374469e-01 3.03105374198519e-01 4.00000000000000e+00
1415 -2.55724411033623e-02 4.00411433332800e-01 4.00000000000000e+00
1416 -3.94038023045608e-01 -9.07632514392257e-02 4.00000000000000e+00
1417 -3.92477450807419e-01 1.55151680958861e-01 4.00000000000000e+00
1418 4.05135626465481e-01 -5.48992520083850e-02 4.00000000000000e+00
1419 -2.43544601734729e-01 3.52085411721400e-01 4.00000000000000e+00
1420 2.92268477722024e-01 2.80834778608464e-01 4.00000000000000e+00
1421 -3.63514373151597e-01 2.09956401499757e-01 4.00000000000000e+00
1422 -3.50371345029822e-01 -2.09648993532770e-01 4.00000000000000e+00
1423 3.80546863805914e-01 -1.16198700040371e-01 4.00000000000000e+00
1424 -2.51512992282597e-01 -3.19475076846442e-01 4.00000000000000e+00
1425 -1.97569170482411e-01 -3.63015708524681e-01 4.00000000000000e+00
1426 3.23070136059418e-01 -2.30850411604347e-01 4.00000000000000e+00
1427 3.55094016553169e-01 1.63201394229059e-01 4.00000000000000e+00
1428 3.48931476563956e-01 2.37123832214440e-01 4.00000000000000e+00
1429 -1.03684366305551e-01 3.80441918757427e-01 4.00000000000000e+00
1430 2.40494168606907e-01 -3.31579500469191e-01 4.00000000000000e+00
1431 1.31856398542544e-01 -3.96177764484913e-01 4.00000000000000e+00
1432 -1.85679070190986e-01 3.11394424485640e-01 4.00000000000000e+00
1433 -3.12256137134072e-01 -1.56954545316043e-01 4.00000000000000e+00
1434 -2.92635087017701e-01 1.97347043573156e-01 4.00000000000000e+00
1435 5.51917564062141e-02 -3.42861485676827e-01 4.00000000000000e+00
1436 -2.29530447471372e-01 -2.49788431418237e-01 4.00000000000000e+00
1437 1.59827972527210e-01 3.40600062321130e-01 4.00000000000000e+00
1438 -3.62241353563112e-01 2.81122725282595e-03 4.00000000000000e+00
1439 -3.19622061847265e-01 -1.00446641243001e-01 4.00000000000000e+00
1440 -4.04760825559903e-02 -3.37053557713324e-01 4.00000000000000e+00
1441 2.08256538210575e-02 3.14378661512409e-01 4.00000000000000e+00
1442 2.83282365113249e-01 -2.82901803650608e-01 4.00000000000000e+00
1443 3.57563646642846e-01 -9.25741659224086e-03 4.00000000000000e+00
1444 3.04967673172637e-01 -1.18161623659737e-01 4.00000000000000e+00
1445 3.30110725430190e-01 -6.06533211236021e-02 4.00000000000000e+00
1446 -3.51059663262865e-01 5.44931992251449e-02 4.00000000000000e+00
1447 -2.54984288973037e-01 2.39733936931253e-01 4.00000000000000e+00
1448 -3.38651851239799e-01 -4.58113354233070e-02 4.00000000000000e+00
1449 -2.76310845802547e-01 -2.02330453762694e-01 4.00000000000000e+00
1450 -3.40103273124441e-01 1.08529722548490e-01 4.00000000000000e+00
1451 1.51900797958255e-01 -3.25905797195027e-01 4.00000000000000e+00
1452 -1.21824367996583e-01 -3.44323386898657e-01 4.00000000000000e+00
1453 2.78617616552229e-01 -1.73777097778531e-01 4.00000000000000e+00
1454 -5.42792006228510e-02 3.10922364788182e-01 4.00000000000000e+00
1455 2.18173064472511e-01 2.60601433100125e-01 4.00000000000000e+00
1456 3.46610407207115e-01 4.82755359249521e-02 4.00000000000000e+00
1457 -1.73537277746011e-01 -2.92591931289843e-01 4.00000000000000e+00
1458 -1.25291465052438e-01 3.06130586485080e-01 4.00000000000000e+00
1459 -2.30796597530084e-01 2.87809681539306e-01 4.00000000000000e+00
1460 -3.31329927516749e-01 1.60428926073964e-01 4.00000000000000e+00
1461 2.94392894724793e-01 1.08634444878443e-01 4.00000000000000e+00
1462 -9.19593031460666e-02 -2.69969782963492e-01 4.00000000000000e+00
1463 8.98538244653839e-02 -2.62063065852054e-01 4.00000000000000e+00
1464 1.90292709082255e-01 -2.59417904474648e-01 4.00000000000000e+00
1465 9.24978165426119e-02 3.06680519759612e-01 4.00000000000000e+00
1466 1.42485926340238e-01 2.45587973560645e-01 4.00000000000000e+00
1467 -2.44237665257253e-01 -1.25219204704060e-01 4.00000000000000e+00
1468 -3.94231734535980e-03 -2.62227822101673e-01 4.00000000000000e+00
1469 2.81158790899207e-01 2.00671380664530e-01 4.00000000000000e+00
1470 2.85533739216552e-01 1.35007087611920e-02 4.00000000000000e+00
1471 -1.75024417986900e-01 2.39697507512847e-01 4.00000000000000e+00
1472 -2.95905021896756e-01 8.48611566388108e-03 4.00000000000000e+00
1473 -2.19979376594159e-01 1.76701586825893e-01 4.00000000000000e+00
1474 -2.74578016399632e-01 1.34225638272348e-01 4.00000000000000e+00
1475 6.31226573229376e-02 2.37139075971949e-01 4.00000000000000e+00
1476 -2.77585736434134e-01 7.00604694454047e-02 4.00000000000000e+00
1477 2.02699935695480e-01 1.68383540984875e-01 4.00000000000000e+00
1478 -2.10838500667682e-01 -1.85173383104518e-01 4.00000000000000e+00
1479 2.54106571588666e-01 -2.26298912254776e-01 4.00000000000000e+00
1480 -1.39618293462960e-02 2.34578049082576e-01 4.00000000000000e+00
1481 -1.51884826535991e-01 -2.19311957244947e-01 4.00000000000000e+00
1482 2.58316014730246e-01 -5.84856536761578e-02 4.00000000000000e+00
1483 -2.61605554584283e-01 -5.14125914565389e-02 4.00000000000000e+00
1484 1.10578275906717e-01 1.69534934023883e-01 4.00000000000000e+00
1485 2.18985796324318e-01 7.49432690537626e-02 4.00000000000000e+00
1486 1.22337503561876e-01 -1.92186618195499e-01 4.00000000000000e+00
1487 -6.82329177149998e-02 -1.80474294171733e-01 4.00000000000000e+00
1488 -9.25823610251700e-02 2.31413404414129e-01 4.00000000000000e+00
1489 -1.56037320217479e-01 -1.39548061486027e-01 4.00000000000000e+00
1490 2.11173291269548e-01 -2.46082068312169e-04 4.00000000000000e+00
1491 2.30635915461697e-01 -1.21324829373266e-01 4.00000000000000e+00
1492 -2.10751657909899e-01 1.02562331912018e-01 4.00000000000000e+00
1493 -1.38679877069487e-01 1.50416291344923e-01 4.00000000000000e+00
1494 1.86965971124306e-01 -6.72016244745294e-02 4.00000000000000e+00
1495 1.51918620586891e-01 1.09982528324880e-01 4.00000000000000e+00
1496 3.19785126991270e-02 -1.88564665228609e-01 4.00000000000000e+00
1497 2.02675346566909e-01 -1.83148333941827e-01 4.00000000000000e+00
1498 2.99910904528824e-02 1.60542619565861e-01 4.00000000000000e+00
1499 -2.13296737598342e-01 1.78779643605795e-02 4.00000000000000e+00
1500 1.53909558623725e-01 -1.26834955273559e-01 4.00000000000000e+00
1501 -1.81850484686487e-01 -6.31937255667942e-02 4.00000000000000e+00
1502 7.78660783528240e-02 8.57603736130250e-02 4.00000000000000e+00
1503 7.29491707653285e-02 -1.23654935420692e-01 4.00000000000000e+00
1504 -9.58012350383596e-02 -8.32132624613235e-02 4.00000000000000e+00
1505 1.49959922855452e-01 -1.75100446430932e-02 4.00000000000000e+00
1506 1.49401915183096e-01 4.39206287226624e-02 4.00000000000000e+00
1507 -5.13326082896250e-02 1.55880642248809e-01 4.00000000000000e+00
1508 -1.21258546875606e-02 -1.07486136478670e-01 4.00000000000000e+00
1509 -1.52552328781359e-01 6.78330949361373e-02 4.00000000000000e+00
1510 -8.26297798424762e-02 7.45918781604095e-02 4.00000000000000e+00
1511 -1.25296346951364e-01 -1.39992421199420e-03 4.00000000000000e+00
1512 1.12776608870504e-01 -6.64518643564227e-02 4.00000000000000e+00
1513 9.09580366185719e-02 3.55559527766570e-03 4.00000000000000e+00
1514 -7.48686983990709e-03 8.41654292448290e-02 4.00000000000000e+00
1515 -3.97308949592531e-02 -9.44682015728967e-03 4.00000000000000e+00
1516 2.94120127229765e-02 2.32457399222644e-02 4.00000000000000e+00
1517 3.93880764869135e-02 -4.94158642070741e-02 4.00000000000000e+00
1484 203 2 86 809 
1485 203 87 88 810 
1486 203 89 90 811 
1487 203 91 92 812 
1488 203 93 94 813 
1489 203 95 96 814 
1490 203 97 98 815 
1491 203 99 100 816 
1492 203 101 102 817 
1493 203 103 104 818 
1494 203 105 106 819 
1495 203 107 108 820 
1496 203 109 110 821 
1497 203 111 112 822 
1498 203 113 114 823 
1499 203 115 116 824 
1500 203 117 118 825 
1501 203 119 120 826 
1502 203 121 122 827 
1503 203 123 124 828 
1504 203 125 126 829 
1505 203 127 128 830 
1506 203 129 130 831 
1507 203 131 132 832 
1508 203 133 134 833 
1509 203 135 136 834 
1510 203 137 138 835 
1511 203 139 140 836 
1512 203 141 142 837 
1513 203 143 144 838 
1514 203 145 146 839 
1515 203 147 148 840 
1516 203 149 150 841 
1517 203 151 152 842 
1518 203 153 154 843 
1519 203 155 156 844 
1520 203 157 158 845 
1521 203 159 160 846 
1522 203 161 162 847 
1523 203 163 164 848 
1524 203 165 166 849 
1525 203 167 168 850 
1526 203 168 2 851 
1527 203 850 168 851 
1528 203 2 809 851 
1529 203 86 87 852 
1530 203 88 89 853 
1531 203 90 91 854 
1532 203 92 93 855 
1533 203 94 95 856 
1534 203 96 97 857 
1535 203 98 99 858 
1536 203 100 101 859 
1537 203 102 103 860 
1538 203 104 105 861 
1539 203 106 107 862 
1540 203 108 109 863 
1541 203 110 111 864 
1542 203 112 113 865 
1543 203 114 115 866 
1544 203 116 117 867 
1545 203 118 119 868 
1546 203 120 121 869 
1547 203 122 123 870 
1548 203 124 125 871 
1549 203 126 127 872 
1550 203 128 129 873 
1551 203 130 131 874 
1552 203 132 133 875 
1553 203 134 135 876 
1554 203 136 137 877 
1555 203 138 139 878 
1556 203 140 141 879 
1557 203 142 143 880 
1558 203 144 145 881 
1559 203 146 147 882 
1560 203 148 149 883 
1561 203 150 151 884 
1562 203 152 153 885 
1563 203 154 155 886 
1564 203 156 157 887 
1565 203 158 159 888 
1566 203 160 161 889 
1567 203 162 163 890 
1568 203 164 165 891 
1569 203 166 167 892 
1570 203 853 89 811 
1571 203 86 852 809 
1572 203 810 88 853 
1573 203 811 90 854 
1574 203 812 92 855 
1575 203 813 94 856 
1576 203 814 96 857 
1577 203 815 98 858 
1578 203 816 100 859 
1579 203 817 102 860 
1580 203 818 104 861 
1581 203 819 106 862 
1582 203 820 108 863 
1583 203 821 110 864 
1584 203 822 112 865 
1585 203 823 114 866 
1586 203 824 116 867 
1587 203 825 118 868 
1588 203 826 120 869 
1589 203 827 122 870 
1590 203 828 124 871 
1591 203 829 126 872 
1592 203 830 128 873 
1593 203 831 130 874 
1594 203 832 132 875 
1595 203 833 134 876 
1596 203 834 136 877 
1597 203 835 138 878 
1598 203 836 140 879 
1599 203 837 142 880 
1600 203 838 144 881 
1601 203 839 146 882 
1602 203 840 148 883 
1603 203 841 150 884 
1604 203 842 152 885 
1605 203 843 154 886 
1606 203 844 156 887 
1607 203 845 158 888 
1608 203 846 160 889 
1609 203 847 162 890 
1610 203 848 164 891 
1611 203 849 166 892 
1612 203 852 87 810 
1613 203 854 91 812 
1614 203 855 93 813 
1615 203 856 95 814 
1616 203 857 97 815 
1617 203 858 99 816 
1618 203 859 101 817 
1619 203 860 103 818 
1620 203 861 105 819 
1621 203 862 107 820 
1622 203 863 109 821 
1623 203 864 111 822 
1624 203 865 113 823 
1625 203 866 115 824 
1626 203 867 117 825 
1627 203 868 119 826 
1628 203 869 121 827 
1629 203 870 123 828 
1630 203 871 125 829 
1631 203 872 127 830 
1632 203 873 129 831 
1633 203 874 131 832 
1634 203 875 133 833 
1635 203 876 135 834 
1636 203 877 137 835 
1637 203 878 139 836 
1638 203 879 141 837 
1639 203 880 143 838 
1640 203 881 145 839 
1641 203 882 147 840 
1642 203 883 149 841 
1643 203 884 151 842 
1644 203 885 153 843 
1645 203 886 155 844 
1646 203 887 157 845 
1647 203 888 159 846 
1648 203 889 161 847 
1649 203 890 163 848 
1650 203 891 165 849 
1651 203 892 167 850 
1652 203 854 812 893 
1653 203 811 854 894 
1654 203 854 893 894 
1655 203 809 852 895 
1656 203 855 813 896 
1657 203 856 814 897 
1658 203 857 815 898 
1659 203 858 816 899 
1660 203 859 817 900 
1661 203 860 818 901 
1662 203 861 819 902 
1663 203 862 820 903 
1664 203 863 821 904 
1665 203 864 822 905 
1666 203 865 823 906 
1667 203 866 824 907 
1668 203 867 825 908 
1669 203 868 826 909 
1670 203 869 827 910 
1671 203 870 828 911 
1672 203 871 829 912 
1673 203 872 830 913 
1674 203 873 831 914 
1675 203 874 832 915 
1676 203 875 833 916 
1677 203 876 834 917 
1678 203 877 835 918 
1679 203 878 836 919 
1680 203 879 837 920 
1681 203 880 838 921 
1682 203 881 839 922 
1683 203 882 840 923 
1684 203 883 841 924 
1685 203 884 842 925 
1686 203 885 843 926 
1687 203 886 844 927 
1688 203 887 845 928 
1689 203 888 846 929 
1690 203 889 847 930 
1691 203 890 848 931 
1692 203 891 849 932 
1693 203 892 850 933 
1694 203 853 811 934 
1695 203 811 894 934 
1696 203 810 853 935 
1697 203 853 934 935 
1698 203 812 855 936 
1699 203 813 856 937 
1700 203 814 857 938 
1701 203 815 858 939 
1702 203 816 859 940 
1703 203 817 860 941 
1704 203 818 861 942 
1705 203 819 862 943 
1706 203 820 863 944 
1707 203 821 864 945 
1708 203 822 865 946 
1709 203 823 866 947 
1710 203 824 867 948 
1711 203 825 868 949 
1712 203 826 869 950 
1713 203 827 870 951 
1714 203 828 871 952 
1715 203 829 872 953 
1716 203 830 873 954 
1717 203 831 874 955 
1718 203 832 875 956 
1719 203 833 876 957 
1720 203 834 877 958 
1721 203 835 878 959 
1722 203 836 879 960 
1723 203 837 880 961 
1724 203 838 881 962 
1725 203 839 882 963 
1726 203 840 883 964 
1727 203 841 884 965 
1728 203 842 885 966 
1729 203 843 886 967 
1730 203 844 887 968 
1731 203 845 888 969 
1732 203 846 889 970 
1733 203 847 890 971 
1734 203 848 891 972 
1735 203 849 892 973 
1736 203 812 936 893 
1737 203 852 810 974 
1738 203 936 855 896 
1739 203 973 892 933 
1740 203 972 891 932 
1741 203 971 890 931 
1742 203 970 889 930 
1743 203 969 888 929 
1744 203 968 887 928 
1745 203 967 886 927 
1746 203 966 885 926 
1747 203 965 884 925 
1748 203 964 883 924 
1749 203 963 882 923 
1750 203 962 881 922 
1751 203 961 880 921 
1752 203 960 879 920 
1753 203 959 878 919 
1754 203 958 877 918 
1755 203 957 876 917 
1756 203 956 875 916 
1757 203 955 874 915 
1758 203 954 873 914 
1759 203 953 872 913 
1760 203 952 871 912 
1761 203 951 870 911 
1762 203 950 869 910 
1763 203 949 868 909 
1764 203 948 867 908 
1765 203 947 866 907 
1766 203 946 865 906 
1767 203 945 864 905 
1768 203 944 863 904 
1769 203 943 862 903 
1770 203 942 861 902 
1771 203 941 860 901 
1772 203 940 859 900 
1773 203 939 858 899 
1774 203 938 857 898 
1775 203 937 856 897 
1776 203 933 850 975 
1777 203 850 851 975 
1778 203 851 809 976 
1779 203 975 851 976 
1780 203 809 895 976 
1781 203 932 849 973 
1782 203 931 848 972 
1783 203 930 847 971 
1784 203 929 846 970 
1785 203 928 845 969 
1786 203 927 844 968 
1787 203 926 843 967 
1788 203 925 842 966 
1789 203 924 841 965 
1790 203 923 840 964 
1791 203 922 839 963 
1792 203 921 838 962 
1793 203 920 837 961 
1794 203 919 836 960 
1795 203 918 835 959 
1796 203 917 834 958 
1797 203 916 833 957 
1798 203 915 832 956 
1799 203 914 831 955 
1800 203 913 830 954 
1801 203 912 829 953 
1802 203 911 828 952 
1803 203 910 827 951 
1804 203 909 826 950 
1805 203 908 825 949 
1806 203 907 824 948 
1807 203 906 823 947 
1808 203 905 822 946 
1809 203 904 821 945 
1810 203 903 820 944 
1811 203 902 819 943 
1812 203 901 818 942 
1813 203 900 817 941 
1814 203 899 816 940 
1815 203 898 815 939 
1816 203 897 814 938 
1817 203 896 813 937 
1818 203 852 974 895 
1819 203 974 810 935 
1820 203 974 935 977 
1821 203 973 933 978 
1822 203 895 974 979 
1823 203 974 977 979 
1824 203 896 937 980 
1825 203 897 938 981 
1826 203 898 939 982 
1827 203 899 940 983 
1828 203 900 941 984 
1829 203 901 942 985 
1830 203 902 943 986 
1831 203 903 944 987 
1832 203 904 945 988 
1833 203 905 946 989 
1834 203 906 947 990 
1835 203 907 948 991 
1836 203 908 949 992 
1837 203 909 950 993 
1838 203 910 951 994 
1839 203 911 952 995 
1840 203 912 953 996 
1841 203 913 954 997 
1842 203 914 955 998 
1843 203 915 956 999 
1844 203 916 957 1000 
1845 203 917 958 1001 
1846 203 918 959 1002 
1847 203 919 960 1003 
1848 203 920 961 1004 
1849 203 921 962 1005 
1850 203 922 963 1006 
1851 203 923 964 1007 
1852 203 924 965 1008 
1853 203 925 966 1009 
1854 203 926 967 1010 
1855 203 927 968 1011 
1856 203 928 969 1012 
1857 203 929 970 1013 
1858 203 930 971 1014 
1859 203 931 972 1015 
1860 203 893 936 1016 
1861 203 936 896 1017 
1862 203 1016 936 1017 
1863 203 896 980 1017 
1864 203 932 973 1018 
1865 203 973 978 1018 
1866 203 934 894 1019 
1867 203 894 893 1020 
1868 203 1019 894 1020 
1869 203 893 1016 1020 
1870 203 895 979 976 
1871 203 937 897 1021 
1872 203 938 898 1022 
1873 203 939 899 1023 
1874 203 940 900 1024 
1875 203 941 901 1025 
1876 203 942 902 1026 
1877 203 943 903 1027 
1878 203 944 904 1028 
1879 203 945 905 1029 
1880 203 946 906 1030 
1881 203 947 907 1031 
1882 203 948 908 1032 
1883 203 949 909 1033 
1884 203 950 910 1034 
1885 203 951 911 1035 
1886 203 952 912 1036 
1887 203 953 913 1037 
1888 203 954 914 1038 
1889 203 955 915 1039 
1890 203 956 916 1040 
1891 203 957 917 1041 
1892 203 958 918 1042 
1893 203 959 919 1043 
1894 203 960 920 1044 
1895 203 961 921 1045 
1896 203 962 922 1046 
1897 203 963 923 1047 
1898 203 964 924 1048 
1899 203 965 925 1049 
1900 203 966 926 1050 
1901 203 967 927 1051 
1902 203 968 928 1052 
1903 203 969 929 1053 
1904 203 970 930 1054 
1905 203 971 931 1055 
1906 203 972 932 1056 
1907 203 1022 898 982 
1908 203 935 934 1057 
1909 203 1056 932 1018 
1910 203 1055 931 1015 
1911 203 1054 930 1014 
1912 203 1053 929 1013 
1913 203 1052 928 1012 
1914 203 1051 927 1011 
1915 203 1050 926 1010 
1916 203 1049 925 1009 
1917 203 1048 924 1008 
1918 203 1047 923 1007 
1919 203 1046 922 1006 
1920 203 1045 921 1005 
1921 203 1044 920 1004 
1922 203 1043 919 1003 
1923 203 1042 918 1002 
1924 203 1041 917 1001 
1925 203 1040 916 1000 
1926 203 1039 915 999 
1927 203 1038 914 998 
1928 203 1037 913 997 
1929 203 1036 912 996 
1930 203 1035 911 995 
1931 203 1034 910 994 
1932 203 1033 909 993 
1933 203 1032 908 992 
1934 203 1031 907 991 
1935 203 1030 906 990 
1936 203 1029 905 989 
1937 203 1028 904 988 
1938 203 1027 903 987 
1939 203 1026 902 986 
1940 203 1025 901 985 
1941 203 937 1021 980 
1942 203 1024 900 984 
1943 203 1015 972 1056 
1944 203 1014 971 1055 
1945 203 1013 970 1054 
1946 203 1012 969 1053 
1947 203 1011 968 1052 
1948 203 1010 967 1051 
1949 203 1009 966 1050 
1950 203 1008 965 1049 
1951 203 1007 964 1048 
1952 203 1006 963 1047 
1953 203 1005 962 1046 
1954 203 1004 961 1045 
1955 203 1003 960 1044 
1956 203 1002 959 1043 
1957 203 1001 958 1042 
1958 203 1000 957 1041 
1959 203 999 956 1040 
1960 203 998 955 1039 
1961 203 997 954 1038 
1962 203 996 953 1037 
1963 203 995 952 1036 
1964 203 994 951 1035 
1965 203 993 950 1034 
1966 203 992 949 1033 
1967 203 991 948 1032 
1968 203 990 947 1031 
1969 203 989 946 1030 
1970 203 988 945 1029 
1971 203 987 944 1028 
1972 203 986 943 1027 
1973 203 985 942 1026 
1974 203 984 941 1025 
1975 203 983 940 1024 
1976 203 982 939 1023 
1977 203 981 938 1022 
1978 203 1023 899 983 
1979 203 978 933 1058 
1980 203 933 975 1058 
1981 203 1021 897 981 
1982 203 935 1057 977 
1983 203 1057 934 1019 
1984 203 1055 1015 1059 
1985 203 1024 984 1060 
1986 203 1021 981 1061 
1987 203 977 1057 1062 
1988 203 1023 983 1063 
1989 203 982 1023 1064 
1990 203 1023 1063 1064 
1991 203 983 1024 1065 
1992 203 1063 983 1065 
1993 203 1024 1060 1065 
1994 203 980 1021 1066 
1995 203 1021 1061 1066 
1996 203 1025 985 1067 
1997 203 1026 986 1068 
1998 203 1027 987 1069 
1999 203 1028 988 1070 
2000 203 1029 989 1071 
2001 203 1030 990 1072 
2002 203 1031 991 1073 
2003 203 1032 992 1074 
2004 203 1033 993 1075 
2005 203 1034 994 1076 
2006 203 1035 995 1077 
2007 203 1036 996 1078 
2008 203 1037 997 1079 
2009 203 1038 998 1080 
2010 203 1039 999 1081 
2011 203 1040 1000 1082 
2012 203 1041 1001 1083 
2013 203 1042 1002 1084 
2014 203 1043 1003 1085 
2015 203 1044 1004 1086 
2016 203 1045 1005 1087 
2017 203 1046 1006 1088 
2018 203 1047 1007 1089 
2019 203 1048 1008 1090 
2020 203 1049 1009 1091 
2021 203 1050 1010 1092 
2022 203 1051 1011 1093 
2023 203 1052 1012 1094 
2024 203 1053 1013 1095 
2025 203 1054 1014 1096 
2026 203 1014 1055 1097 
2027 203 1096 1014 1097 
2028 203 1055 1059 1097 
2029 203 976 979 1098 
2030 203 1022 982 1099 
2031 203 982 1064 1099 
2032 203 1056 1018 1100 
2033 203 975 976 1098 
2034 203 979 977 1101 
2035 203 977 1062 1101 
2036 203 979 1101 1098 
2037 203 981 1022 1102 
2038 203 978 1058 1103 
2039 203 1015 1056 1104 
2040 203 984 1025 1105 
2041 203 985 1026 1106 
2042 203 986 1027 1107 
2043 203 987 1028 1108 
2044 203 988 1029 1109 
2045 203 989 1030 1110 
2046 203 990 1031 1111 
2047 203 991 1032 1112 
2048 203 992 1033 1113 
2049 203 993 1034 1114 
2050 203 994 1035 1115 
2051 203 995 1036 1116 
2052 203 996 1037 1117 
2053 203 997 1038 1118 
2054 203 998 1039 1119 
2055 203 999 1040 1120 
2056 203 1000 1041 1121 
2057 203 1001 1042 1122 
2058 203 1002 1043 1123 
2059 203 1003 1044 1124 
2060 203 1004 1045 1125 
2061 203 1005 1046 1126 
2062 203 1006 1047 1127 
2063 203 1007 1048 1128 
2064 203 1008 1049 1129 
2065 203 1009 1050 1130 
2066 203 1010 1051 1131 
2067 203 1011 1052 1132 
2068 203 1012 1053 1133 
2069 203 1013 1054 1134 
2070 203 1022 1099 1102 
2071 203 1016 1017 1135 
2072 203 1057 1019 1136 
2073 203 1020 1016 1137 
2074 203 1016 1135 1137 
2075 203 1059 1015 1104 
2076 203 975 1098 1058 
2077 203 1134 1054 1096 
2078 203 1133 1053 1095 
2079 203 1132 1052 1094 
2080 203 1131 1051 1093 
2081 203 1130 1050 1092 
2082 203 1129 1049 1091 
2083 203 1128 1048 1090 
2084 203 1127 1047 1089 
2085 203 1126 1046 1088 
2086 203 1125 1045 1087 
2087 203 1124 1044 1086 
2088 203 1123 1043 1085 
2089 203 1122 1042 1084 
2090 203 1121 1041 1083 
2091 203 1120 1040 1082 
2092 203 1119 1039 1081 
2093 203 1118 1038 1080 
2094 203 1117 1037 1079 
2095 203 1116 1036 1078 
2096 203 1115 1035 1077 
2097 203 1114 1034 1076 
2098 203 1113 1033 1075 
2099 203 1112 1032 1074 
2100 203 1111 1031 1073 
2101 203 1110 1030 1072 
2102 203 1017 980 1138 
2103 203 1135 1017 1138 
2104 203 980 1066 1138 
2105 203 1019 1020 1139 
2106 203 1136 1019 1139 
2107 203 1020 1137 1139 
2108 203 1109 1029 1071 
2109 203 1108 1028 1070 
2110 203 1018 978 1140 
2111 203 1107 1027 1069 
2112 203 1106 1026 1068 
2113 203 1105 1025 1067 
2114 203 1104 1056 1100 
2115 203 981 1102 1061 
2116 203 1095 1013 1134 
2117 203 1094 1012 1133 
2118 203 1093 1011 1132 
2119 203 1092 1010 1131 
2120 203 1091 1009 1130 
2121 203 1090 1008 1129 
2122 203 1089 1007 1128 
2123 203 1088 1006 1127 
2124 203 1087 1005 1126 
2125 203 1086 1004 1125 
2126 203 1085 1003 1124 
2127 203 1084 1002 1123 
2128 203 1083 1001 1122 
2129 203 1082 1000 1121 
2130 203 1081 999 1120 
2131 203 1080 998 1119 
2132 203 1079 997 1118 
2133 203 1078 996 1117 
2134 203 1077 995 1116 
2135 203 1076 994 1115 
2136 203 1075 993 1114 
2137 203 1074 992 1113 
2138 203 1073 991 1112 
2139 203 1072 990 1111 
2140 203 1071 989 1110 
2141 203 1070 988 1109 
2142 203 1069 987 1108 
2143 203 1062 1057 1136 
2144 203 978 1103 1140 
2145 203 984 1105 1060 
2146 203 985 1106 1067 
2147 203 986 1107 1068 
2148 203 1018 1140 1100 
2149 203 1059 1104 1141 
2150 203 1095 1134 1142 
2151 203 1098 1101 1143 
2152 203 1061 1102 1144 
2153 203 1067 1106 1145 
2154 203 1058 1098 1146 
2155 203 1103 1058 1146 
2156 203 1098 1143 1146 
2157 203 1100 1140 1147 
2158 203 1068 1107 1148 
2159 203 1105 1067 1149 
2160 203 1067 1145 1149 
2161 203 1106 1068 1150 
2162 203 1145 1106 1150 
2163 203 1068 1148 1150 
2164 203 1062 1136 1151 
2165 203 1069 1108 1152 
2166 203 1070 1109 1153 
2167 203 1071 1110 1154 
2168 203 1072 1111 1155 
2169 203 1073 1112 1156 
2170 203 1074 1113 1157 
2171 203 1075 1114 1158 
2172 203 1076 1115 1159 
2173 203 1077 1116 1160 
2174 203 1078 1117 1161 
2175 203 1079 1118 1162 
2176 203 1080 1119 1163 
2177 203 1081 1120 1164 
2178 203 1082 1121 1165 
2179 203 1083 1122 1166 
2180 203 1084 1123 1167 
2181 203 1085 1124 1168 
2182 203 1086 1125 1169 
2183 203 1087 1126 1170 
2184 203 1088 1127 1171 
2185 203 1089 1128 1172 
2186 203 1090 1129 1173 
2187 203 1091 1130 1174 
2188 203 1092 1131 1175 
2189 203 1093 1132 1176 
2190 203 1094 1133 1177 
2191 203 1133 1095 1178 
2192 203 1177 1133 1178 
2193 203 1095 1142 1178 
2194 203 1099 1064 1179 
2195 203 1140 1103 1180 
2196 203 1147 1140 1180 
2197 203 1103 1146 1180 
2198 203 1109 1071 1181 
2199 203 1153 1109 1181 
2200 203 1071 1154 1181 
2201 203 1101 1062 1182 
2202 203 1062 1151 1182 
2203 203 1060 1105 1183 
2204 203 1105 1149 1183 
2205 203 1107 1069 1184 
2206 203 1148 1107 1184 
2207 203 1069 1152 1184 
2208 203 1066 1061 1185 
2209 203 1061 1144 1185 
2210 203 1104 1100 1186 
2211 203 1104 1186 1141 
2212 203 1063 1065 1187 
2213 203 1151 1136 1188 
2214 203 1136 1139 1188 
2215 203 1065 1060 1189 
2216 203 1187 1065 1189 
2217 203 1060 1183 1189 
2218 203 1144 1102 1190 
2219 203 1102 1099 1190 
2220 203 1143 1101 1182 
2221 203 1142 1134 1191 
2222 203 1134 1096 1191 
2223 203 1108 1070 1192 
2224 203 1135 1138 1193 
2225 203 1110 1072 1194 
2226 203 1111 1073 1195 
2227 203 1112 1074 1196 
2228 203 1113 1075 1197 
2229 203 1114 1076 1198 
2230 203 1115 1077 1199 
2231 203 1116 1078 1200 
2232 203 1117 1079 1201 
2233 203 1118 1080 1202 
2234 203 1119 1081 1203 
2235 203 1120 1082 1204 
2236 203 1121 1083 1205 
2237 203 1122 1084 1206 
2238 203 1123 1085 1207 
2239 203 1124 1086 1208 
2240 203 1125 1087 1209 
2241 203 1126 1088 1210 
2242 203 1127 1089 1211 
2243 203 1128 1090 1212 
2244 203 1129 1091 1213 
2245 203 1130 1092 1214 
2246 203 1131 1093 1215 
2247 203 1132 1094 1216 
2248 203 1196 1074 1157 
2249 203 1195 1073 1156 
2250 203 1137 1135 1217 
2251 203 1135 1193 1217 
2252 203 1203 1081 1164 
2253 203 1216 1094 1177 
2254 203 1215 1093 1176 
2255 203 1214 1092 1175 
2256 203 1213 1091 1174 
2257 203 1212 1090 1173 
2258 203 1211 1089 1172 
2259 203 1210 1088 1171 
2260 203 1209 1087 1170 
2261 203 1208 1086 1169 
2262 203 1207 1085 1168 
2263 203 1206 1084 1167 
2264 203 1138 1066 1218 
2265 203 1193 1138 1218 
2266 203 1066 1185 1218 
2267 203 1205 1083 1166 
2268 203 1204 1082 1165 
2269 203 1202 1080 1163 
2270 203 1201 1079 1162 
2271 203 1200 1078 1161 
2272 203 1199 1077 1160 
2273 203 1198 1076 1159 
2274 203 1097 1059 1219 
2275 203 1059 1141 1219 
2276 203 1197 1075 1158 
2277 203 1176 1132 1216 
2278 203 1175 1131 1215 
2279 203 1174 1130 1214 
2280 203 1173 1129 1213 
2281 203 1172 1128 1212 
2282 203 1171 1127 1211 
2283 203 1170 1126 1210 
2284 203 1169 1125 1209 
2285 203 1168 1124 1208 
2286 203 1167 1123 1207 
2287 203 1166 1122 1206 
2288 203 1165 1121 1205 
2289 203 1164 1120 1204 
2290 203 1163 1119 1203 
2291 203 1162 1118 1202 
2292 203 1161 1117 1201 
2293 203 1160 1116 1200 
2294 203 1159 1115 1199 
2295 203 1158 1114 1198 
2296 203 1157 1113 1197 
2297 203 1156 1112 1196 
2298 203 1155 1111 1195 
2299 203 1154 1110 1194 
2300 203 1064 1063 1220 
2301 203 1186 1100 1147 
2302 203 1108 1192 1152 
2303 203 1190 1099 1179 
2304 203 1194 1072 1155 
2305 203 1192 1070 1153 
2306 203 1064 1220 1179 
2307 203 1220 1063 1187 
2308 203 1194 1155 1221 
2309 203 1152 1192 1222 
2310 203 1141 1186 1223 
2311 203 1185 1144 1224 
2312 203 1191 1096 1219 
2313 203 1190 1179 1225 
2314 203 1205 1166 1237 
2315 203 1203 1164 1226 
2316 203 1142 1191 1227 
2317 203 1154 1194 1290 
2318 203 1194 1221 1290 
2319 203 1195 1156 1228 
2320 203 1176 1216 1229 
2321 203 1157 1197 1230 
2322 203 1158 1198 1251 
2323 203 1159 1199 1231 
2324 203 1160 1200 1232 
2325 203 1161 1201 1233 
2326 203 1162 1202 1234 
2327 203 1163 1203 1235 
2328 203 1203 1226 1235 
2329 203 1202 1163 1236 
2330 203 1234 1202 1236 
2331 203 1163 1235 1236 
2332 203 1204 1165 1237 
2333 203 1165 1205 1237 
2336 203 1206 1167 1238 
2337 203 1207 1168 1239 
2338 203 1208 1169 1240 
2339 203 1209 1170 1241 
2340 203 1210 1171 1242 
2341 203 1211 1172 1243 
2342 203 1212 1173 1244 
2343 203 1213 1174 1245 
2344 203 1214 1175 1246 
2345 203 1215 1176 1247 
2346 203 1176 1229 1247 
2347 203 1196 1157 1248 
2348 203 1157 1230 1248 
2349 203 1143 1182 1249 
2350 203 1096 1097 1219 
2351 203 1139 1137 1250 
2352 203 1188 1139 1250 
2353 203 1137 1217 1250 
2354 203 1197 1158 1251 
2355 203 1230 1197 1251 
2357 203 1183 1149 1252 
2358 203 1219 1141 1253 
2359 203 1141 1223 1253 
2360 203 1220 1187 1254 
2361 203 1182 1151 1255 
2362 203 1146 1143 1256 
2363 203 1180 1146 1256 
2364 203 1143 1249 1256 
2365 203 1191 1219 1257 
2366 203 1227 1191 1257 
2367 203 1219 1253 1257 
2368 203 1145 1150 1258 
2369 203 1153 1181 1290 
2370 203 1189 1183 1259 
2371 203 1183 1252 1259 
2372 203 1224 1144 1260 
2373 203 1144 1190 1260 
2374 203 1190 1225 1260 
2375 203 1223 1186 1261 
2376 203 1186 1147 1261 
2377 203 1179 1220 1262 
2378 203 1192 1153 1263 
2379 203 1155 1195 1264 
2380 203 1156 1196 1265 
2381 203 1198 1159 1266 
2382 203 1199 1160 1267 
2383 203 1200 1161 1268 
2384 203 1201 1162 1269 
2385 203 1216 1177 1270 
2386 203 1164 1204 1271 
2387 203 1193 1218 1272 
2388 203 1166 1206 1273 
2389 203 1167 1207 1274 
2390 203 1168 1208 1275 
2391 203 1169 1209 1276 
2392 203 1170 1210 1277 
2393 203 1171 1211 1278 
2394 203 1172 1212 1279 
2395 203 1173 1213 1280 
2396 203 1174 1214 1281 
2397 203 1175 1215 1282 
2398 203 1249 1182 1255 
2399 203 1264 1195 1228 
2400 203 1147 1180 1283 
2401 203 1261 1147 1283 
2402 203 1180 1256 1283 
2403 203 1255 1151 1284 
2404 203 1151 1188 1284 
2405 203 1217 1193 1285 
2406 203 1193 1272 1285 
2407 203 1282 1215 1247 
2408 203 1281 1214 1246 
2409 203 1280 1213 1245 
2410 203 1279 1212 1244 
2411 203 1278 1211 1243 
2412 203 1218 1185 1286 
2413 203 1272 1218 1286 
2414 203 1185 1224 1286 
2415 203 1277 1210 1242 
2416 203 1275 1208 1240 
2417 203 1274 1207 1239 
2418 203 1273 1206 1238 
2419 203 1184 1152 1296 
2420 203 1152 1222 1296 
2421 203 1271 1204 1237 
2422 203 1270 1177 1287 
2423 203 1177 1178 1287 
2424 203 1269 1162 1234 
2425 203 1268 1161 1233 
2426 203 1178 1142 1288 
2427 203 1287 1178 1288 
2428 203 1142 1227 1288 
2429 203 1267 1160 1232 
2430 203 1266 1159 1231 
2431 203 1265 1196 1248 
2432 203 1246 1175 1282 
2433 203 1245 1174 1281 
2434 203 1244 1173 1280 
2435 203 1243 1172 1279 
2436 203 1242 1171 1278 
2437 203 1241 1170 1277 
2438 203 1240 1169 1276 
2439 203 1238 1167 1274 
2440 203 1233 1201 1269 
2441 203 1232 1200 1268 
2442 203 1231 1199 1267 
2443 203 1251 1198 1266 
2444 203 1229 1216 1270 
2445 203 1226 1164 1271 
2446 203 1221 1155 1264 
2447 203 1149 1145 1289 
2448 203 1179 1262 1225 
2449 203 1237 1166 1273 
2450 203 1181 1154 1290 
2453 203 1153 1290 1263 
2454 203 1276 1209 1241 
2455 203 1262 1220 1254 
2456 203 1192 1263 1222 
2457 203 1149 1289 1252 
2458 203 1156 1265 1228 
2459 203 1168 1275 1239 
2460 203 1289 1145 1258 
2461 203 1187 1189 1291 
2462 203 1254 1187 1291 
2463 203 1189 1259 1291 
2464 203 1271 1237 1292 
2465 203 1222 1263 1293 
2466 203 1277 1242 1311 
2467 203 1223 1261 1294 
2468 203 1260 1225 1295 
2469 203 1148 1184 1296 
2470 203 1150 1148 1297 
2471 203 1297 1148 1296 
2472 203 1150 1297 1258 
2473 203 1297 1296 1298 
2475 203 1267 1232 1299 
2476 203 1252 1289 1300 
2477 203 1239 1275 1301 
2478 203 1246 1282 1334 
2479 203 1229 1270 1302 
2480 203 1224 1260 1303 
2481 203 1260 1295 1303 
2482 203 1265 1248 1304 
2483 203 1251 1266 1305 
2484 203 1231 1267 1332 
2485 203 1267 1299 1332 
2486 203 1226 1271 1306 
2487 203 1271 1292 1306 
2488 203 1221 1264 1307 
2489 203 1233 1269 1308 
2490 203 1273 1238 1309 
2491 203 1274 1239 1310 
2492 203 1239 1301 1310 
2493 203 1238 1274 1310 
2494 203 1309 1238 1310 
2496 203 1241 1277 1311 
2498 203 1243 1279 1312 
2499 203 1280 1245 1339 
2500 203 1281 1246 1313 
2501 203 1246 1334 1313 
2502 203 1249 1255 1314 
2503 203 1253 1223 1315 
2504 203 1223 1294 1315 
2505 203 1247 1229 1316 
2506 203 1229 1302 1316 
2507 203 1235 1226 1317 
2508 203 1226 1306 1317 
2509 203 1228 1265 1318 
2510 203 1265 1304 1318 
2511 203 1290 1221 1319 
2512 203 1221 1307 1319 
2513 203 1237 1273 1320 
2514 203 1273 1309 1320 
2515 203 1258 1297 1321 
2516 203 1297 1298 1321 
2517 203 1293 1263 1322 
2518 203 1263 1290 1322 
2519 203 1222 1293 1298 
2520 203 1217 1285 1284 
2521 203 1237 1320 1292 
2522 203 1290 1319 1322 
2523 203 1302 1270 1323 
2524 203 1270 1287 1323 
2525 203 1276 1241 1324 
2526 203 1241 1311 1324 
2527 203 1301 1275 1325 
2528 203 1275 1240 1325 
2529 203 1299 1232 1326 
2530 203 1232 1268 1326 
2531 203 1295 1225 1327 
2532 203 1225 1262 1327 
2533 203 1249 1314 1328 
2534 203 1294 1261 1329 
2535 203 1261 1283 1329 
2536 203 1227 1257 1330 
2537 203 1304 1248 1331 
2538 203 1248 1230 1331 
2539 203 1251 1305 1331 
2540 203 1266 1231 1332 
2541 203 1305 1266 1332 
2543 203 1268 1233 1326 
2545 203 1233 1308 1326 
2546 203 1236 1235 1333 
2547 203 1235 1317 1333 
2548 203 1282 1247 1334 
2550 203 1247 1316 1334 
2551 203 1289 1258 1335 
2552 203 1300 1289 1335 
2553 203 1258 1321 1335 
2554 203 1311 1242 1336 
2555 203 1242 1278 1336 
2556 203 1262 1254 1337 
2557 203 1327 1262 1337 
2558 203 1254 1291 1337 
2559 203 1240 1276 1324 
2560 203 1312 1279 1339 
2561 203 1279 1244 1339 
2562 203 1272 1286 1338 
2563 203 1278 1243 1336 
2565 203 1243 1312 1336 
2566 203 1272 1338 1285 
2567 203 1244 1280 1339 
2570 203 1245 1281 1340 
2571 203 1339 1245 1340 
2572 203 1281 1313 1340 
2573 203 1314 1255 1341 
2574 203 1253 1315 1257 
2575 203 1269 1234 1342 
2576 203 1269 1342 1308 
2577 203 1256 1249 1328 
2578 203 1240 1324 1325 
2579 203 1286 1224 1343 
2580 203 1338 1286 1343 
2581 203 1224 1303 1343 
2582 203 1288 1227 1344 
2583 203 1227 1330 1344 
2584 203 1264 1228 1318 
2585 203 1255 1284 1341 
2586 203 1259 1252 1345 
2587 203 1252 1300 1345 
2588 203 1264 1318 1307 
2589 203 1298 1293 1346 
2590 203 1285 1338 1347 
2591 203 1188 1250 1284 
2592 203 1324 1311 1348 
2595 203 1341 1284 1347 
2596 203 1234 1236 1333 
2597 203 1307 1318 1349 
2598 203 1328 1314 1350 
2599 203 1230 1251 1331 
2600 203 1330 1257 1315 
2601 203 1331 1305 1351 
2602 203 1306 1292 1352 
2603 203 1295 1327 1353 
2604 203 1312 1339 1354 
2606 203 1301 1325 1355 
2607 203 1299 1326 1356 
2608 203 1342 1234 1333 
2609 203 1308 1342 1357 
2610 203 1283 1256 1328 
2611 203 1316 1302 1358 
2612 203 1317 1306 1359 
2613 203 1306 1352 1359 
2614 203 1330 1315 1360 
2615 203 1322 1319 1361 
2616 203 1284 1285 1347 
2617 203 1313 1334 1362 
2618 203 1310 1301 1363 
2619 203 1301 1355 1363 
2620 203 1319 1307 1364 
2621 203 1307 1349 1364 
2622 203 1320 1309 1365 
2623 203 1293 1322 1366 
2624 203 1346 1293 1366 
2625 203 1322 1361 1366 
2626 203 1332 1299 1367 
2627 203 1299 1356 1367 
2628 203 1291 1259 1368 
2629 203 1337 1291 1368 
2630 203 1259 1345 1368 
2631 203 1325 1324 1369 
2632 203 1355 1325 1369 
2633 203 1324 1348 1369 
2634 203 1303 1295 1370 
2635 203 1295 1353 1370 
2636 203 1321 1298 1371 
2637 203 1298 1346 1371 
2638 203 1333 1317 1372 
2639 203 1317 1359 1372 
2640 203 1342 1333 1357 
2641 203 1283 1328 1329 
2642 203 1348 1311 1373 
2644 203 1302 1323 1358 
2645 203 1350 1314 1374 
2646 203 1314 1341 1374 
2647 203 1341 1347 1375 
2648 203 1349 1318 1376 
2649 203 1318 1304 1376 
2650 203 1294 1329 1377 
2651 203 1304 1331 1378 
2652 203 1287 1288 1323 
2654 203 1288 1344 1323 
2655 203 1333 1372 1357 
2656 203 1311 1336 1373 
2657 203 1340 1313 1379 
2658 203 1313 1362 1379 
2659 203 1378 1331 1351 
2660 203 1344 1330 1380 
2661 203 1330 1360 1380 
2662 203 1327 1337 1381 
2663 203 1337 1368 1381 
2664 203 1339 1340 1382 
2665 203 1340 1379 1382 
2666 203 1341 1375 1374 
2667 203 1329 1328 1383 
2668 203 1377 1329 1383 
2669 203 1328 1350 1383 
2670 203 1361 1319 1364 
2671 203 1373 1336 1384 
2672 203 1343 1303 1385 
2673 203 1303 1370 1385 
2674 203 1356 1326 1386 
2676 203 1354 1339 1382 
2677 203 1353 1327 1381 
2678 203 1360 1315 1387 
2679 203 1315 1294 1387 
2680 203 1292 1320 1388 
2681 203 1352 1292 1388 
2682 203 1320 1365 1388 
2683 203 1294 1377 1387 
2684 203 1310 1363 1365 
2685 203 1345 1300 1389 
2686 203 1376 1304 1378 
2687 203 1362 1334 1390 
2688 203 1335 1321 1391 
2689 203 1338 1343 1392 
2690 203 1343 1385 1392 
2691 203 1375 1347 1393 
2692 203 1378 1351 1394 
2693 203 1308 1357 1386 
2694 203 1367 1356 1395 
2695 203 1361 1364 1396 
2696 203 1362 1390 1397 
2697 203 1389 1300 1391 
2698 203 1351 1305 1398 
2699 203 1357 1372 1399 
2700 203 1360 1387 1400 
2701 203 1305 1332 1398 
2702 203 1354 1382 1401 
2703 203 1321 1371 1391 
2704 203 1312 1354 1384 
2705 203 1334 1316 1390 
2706 203 1370 1353 1402 
2708 203 1386 1357 1403 
2709 203 1357 1399 1403 
2711 203 1338 1392 1347 
2712 203 1389 1391 1404 
2713 203 1391 1371 1404 
2714 203 1384 1354 1405 
2715 203 1354 1401 1405 
2716 203 1390 1316 1358 
2717 203 1374 1375 1406 
2718 203 1347 1392 1393 
2719 203 1350 1374 1407 
2720 203 1359 1352 1408 
2721 203 1373 1384 1409 
2722 203 1384 1405 1409 
2723 203 1353 1381 1410 
2725 203 1332 1367 1398 
2726 203 1348 1373 1411 
2727 203 1369 1348 1411 
2728 203 1373 1409 1411 
2729 203 1365 1363 1412 
2730 203 1345 1389 1410 
2731 203 1358 1323 1413 
2732 203 1390 1358 1397 
2733 203 1376 1378 1414 
2734 203 1378 1394 1414 
2735 203 1371 1346 1415 
2736 203 1372 1359 1416 
2737 203 1359 1408 1416 
2738 203 1398 1367 1417 
2739 203 1367 1395 1417 
2740 203 1217 1284 1250 
2741 203 1300 1335 1391 
2744 203 1353 1410 1402 
2746 203 1377 1383 1418 
2747 203 1350 1407 1383 
2748 203 1371 1415 1404 
2749 203 1308 1386 1326 
2750 203 1356 1386 1395 
2751 203 1349 1376 1419 
2752 203 1385 1370 1420 
2753 203 1370 1402 1420 
2754 203 1336 1312 1384 
2755 203 1222 1298 1296 
2756 203 1309 1310 1365 
2757 203 1351 1398 1421 
2758 203 1408 1352 1422 
2759 203 1352 1388 1422 
2760 203 1376 1414 1419 
2761 203 1349 1419 1364 
2762 203 1387 1377 1423 
2763 203 1412 1363 1424 
2764 203 1363 1355 1424 
2765 203 1355 1369 1425 
2766 203 1424 1355 1425 
2767 203 1369 1411 1425 
2768 203 1380 1360 1426 
2769 203 1360 1400 1426 
2770 203 1394 1351 1421 
2771 203 1386 1403 1395 
2772 203 1406 1375 1427 
2773 203 1375 1393 1427 
2774 203 1400 1387 1423 
2775 203 1344 1380 1413 
2776 203 1392 1385 1428 
2777 203 1393 1392 1428 
2778 203 1385 1420 1428 
2780 203 1407 1374 1406 
2781 203 1398 1417 1421 
2782 203 1364 1419 1396 
2783 203 1423 1377 1418 
2784 203 1365 1412 1388 
2785 203 1404 1437 1389 
2786 203 1366 1361 1429 
2787 203 1361 1396 1429 
2788 203 1397 1358 1430 
2789 203 1358 1413 1430 
2790 203 1346 1366 1415 
2791 203 1399 1372 1416 
2792 203 1422 1388 1412 
2793 203 1383 1407 1418 
2794 203 1362 1397 1431 
2795 203 1396 1419 1432 
2796 203 1408 1422 1433 
2797 203 1394 1421 1434 
2799 203 1382 1379 1401 
2800 203 1405 1401 1435 
2801 203 1412 1424 1436 
2802 203 1402 1410 1437 
2803 203 1410 1389 1437 
2804 203 1379 1362 1431 
2805 203 1403 1399 1438 
2806 203 1416 1408 1439 
2807 203 1408 1433 1439 
2808 203 1409 1405 1440 
2809 203 1405 1435 1440 
2810 203 1431 1401 1379 
2811 203 1404 1415 1441 
2812 203 1413 1380 1442 
2813 203 1430 1413 1442 
2814 203 1380 1426 1442 
2815 203 1418 1407 1443 
2817 203 1400 1423 1444 
2818 203 1410 1381 1345 
2819 203 1401 1431 1435 
2820 203 1423 1418 1445 
2821 203 1444 1423 1445 
2822 203 1418 1443 1445 
2823 203 1415 1366 1429 
2824 203 1395 1403 1446 
2825 203 1403 1438 1446 
2826 203 1414 1394 1447 
2827 203 1394 1434 1447 
2828 203 1399 1416 1448 
2829 203 1438 1399 1448 
2830 203 1416 1439 1448 
2831 203 1422 1412 1449 
2832 203 1433 1422 1449 
2833 203 1412 1436 1449 
2834 203 1417 1395 1450 
2835 203 1395 1446 1450 
2836 203 1431 1397 1451 
2837 203 1345 1381 1368 
2838 203 1323 1344 1413 
2839 203 1397 1430 1451 
2840 203 1409 1440 1452 
2841 203 1426 1400 1453 
2842 203 1400 1444 1453 
2843 203 1441 1415 1454 
2844 203 1415 1429 1454 
2845 203 1402 1437 1455 
2847 203 1427 1393 1428 
2848 203 1420 1402 1455 
2849 203 1407 1406 1456 
2850 203 1407 1456 1443 
2851 203 1436 1424 1457 
2852 203 1424 1425 1457 
2853 203 1411 1409 1452 
2854 203 1429 1396 1458 
2855 203 1454 1429 1458 
2856 203 1396 1432 1458 
2857 203 1435 1431 1451 
2858 203 1419 1414 1459 
2859 203 1421 1417 1460 
2860 203 1434 1421 1460 
2861 203 1432 1419 1459 
2862 203 1460 1417 1450 
2863 203 1456 1406 1461 
2864 203 1406 1427 1461 
2865 203 1459 1414 1447 
2866 203 1452 1440 1462 
2867 203 1435 1451 1463 
2868 203 1451 1430 1464 
2869 203 1404 1441 1465 
2870 203 1455 1437 1466 
2871 203 1439 1433 1467 
2872 203 1425 1411 1452 
2873 203 1440 1435 1468 
2874 203 1462 1440 1468 
2875 203 1435 1463 1468 
2876 203 1428 1420 1469 
2877 203 1427 1428 1469 
2878 203 1420 1455 1469 
2879 203 1443 1456 1470 
2880 203 1432 1459 1471 
2881 203 1446 1438 1472 
2882 203 1447 1434 1473 
2883 203 1434 1460 1474 
2884 203 1473 1434 1474 
2885 203 1460 1450 1474 
2886 203 1465 1441 1475 
2887 203 1450 1446 1476 
2888 203 1474 1450 1476 
2889 203 1446 1472 1476 
2890 203 1459 1447 1471 
2891 203 1425 1452 1457 
2892 203 1427 1469 1461 
2893 203 1451 1464 1463 
2894 203 1404 1465 1437 
2895 203 1455 1466 1477 
2896 203 1456 1461 1470 
2897 203 1455 1477 1469 
2898 203 1449 1436 1478 
2899 203 1433 1449 1467 
2901 203 1438 1448 1472 
2902 203 1442 1426 1479 
2903 203 1426 1453 1479 
2904 203 1475 1441 1480 
2905 203 1441 1454 1480 
2906 203 1452 1462 1457 
2907 203 1481 1457 1462 
2908 203 1430 1442 1464 
2909 203 1443 1470 1445 
2910 203 1437 1465 1466 
2911 203 1478 1436 1481 
2912 203 1481 1436 1457 
2913 203 1432 1471 1458 
2914 203 1466 1465 1475 
2915 203 1471 1447 1473 
2916 203 1444 1445 1482 
2917 203 1445 1470 1482 
2918 203 1448 1439 1483 
2919 203 1472 1448 1483 
2920 203 1439 1467 1483 
2921 203 1464 1442 1479 
2922 203 1477 1466 1484 
2923 203 1470 1461 1485 
2924 203 1463 1464 1486 
2925 203 1467 1449 1478 
2926 203 1481 1462 1487 
2927 203 1458 1471 1488 
2928 203 1469 1477 1461 
2929 203 1466 1475 1484 
2930 203 1478 1481 1489 
2931 203 1481 1487 1489 
2932 203 1482 1470 1490 
2933 203 1470 1485 1490 
2934 203 1444 1482 1491 
2935 203 1473 1474 1492 
2936 203 1474 1476 1492 
2937 203 1454 1458 1488 
2938 203 1471 1473 1493 
2939 203 1467 1478 1489 
2940 203 1461 1477 1485 
2941 203 1491 1482 1494 
2942 203 1482 1490 1494 
2943 203 1485 1477 1495 
2944 203 1477 1484 1495 
2945 203 1444 1491 1453 
2946 203 1463 1486 1496 
2947 203 1464 1479 1497 
2948 203 1486 1464 1497 
2949 203 1479 1453 1497 
2950 203 1487 1462 1468 
2951 203 1468 1463 1496 
2952 203 1480 1454 1488 
2953 203 1471 1493 1488 
2954 203 1484 1475 1498 
2955 203 1475 1480 1498 
2957 203 1472 1499 1476 
2958 203 1453 1491 1497 
2959 203 1473 1492 1493 
2960 203 1497 1491 1500 
2961 203 1486 1497 1500 
2962 203 1491 1494 1500 
2963 203 1467 1489 1501 
2964 203 1495 1484 1502 
2965 203 1484 1498 1502 
2966 203 1496 1486 1503 
2967 203 1486 1500 1503 
2968 203 1501 1489 1504 
2969 203 1467 1501 1483 
2970 203 1487 1468 1496 
2971 203 1494 1490 1505 
2972 203 1492 1476 1499 
2973 203 1489 1487 1504 
2974 203 1490 1485 1506 
2975 203 1505 1490 1506 
2976 203 1485 1495 1506 
2977 203 1480 1488 1507 
2978 203 1498 1480 1507 
2979 203 1488 1493 1507 
2980 203 1487 1496 1508 
2981 203 1504 1487 1508 
2982 203 1496 1503 1508 
2983 203 1493 1492 1509 
2984 203 1483 1501 1499 
2985 203 1507 1493 1510 
2986 203 1493 1509 1510 
2987 203 1492 1499 1509 
2988 203 1509 1499 1511 
2989 203 1510 1509 1511 
2990 203 1499 1501 1511 
2991 203 1506 1495 1502 
2992 203 1500 1494 1512 
2993 203 1503 1500 1512 
2994 203 1494 1505 1512 
2995 203 1501 1504 1511 
2996 203 1483 1499 1472 
2997 203 1505 1506 1513 
2998 203 1512 1505 1513 
2999 203 1506 1502 1513 
3000 203 1498 1507 1514 
3001 203 1502 1498 1514 
3002 203 1507 1510 1514 
3003 203 1511 1504 1515 
3004 203 1511 1515 1510 
3005 203 1513 1502 1516 
3006 203 1502 1514 1516 
3007 203 1515 1504 1508 
3008 203 1508 1503 1517 
3009 203 1514 1510 1515 
3010 203 1515 1508 1517 
3011 203 1517 1503 1512 
3012 203 1517 1512 1513 
3013 203 1517 1513 1516 
3014 203 1514 1515 1516 
3015 203 1515 1517 1516 
