87 141
1 1.00000000000000e+00 -2.44929359829471e-16 0.00000000000000e+00
3 9.79529941252494e-01 2.01298520088660e-01 0.00000000000000e+00
4 9.18957811620231e-01 3.94355855113319e-01 0.00000000000000e+00
5 8.20763441207276e-01 5.71268215094792e-01 0.00000000000000e+00
6 6.88966919075686e-01 7.24792787229120e-01 0.00000000000000e+00
7 5.28964010326962e-01 8.48644257494751e-01 0.00000000000000e+00
8 3.47305252844821e-01 9.37752132147080e-01 0.00000000000000e+00
9 1.51427777504578e-01 9.88468324328111e-01 0.00000000000000e+00
10 -5.06491688387102e-02 9.98716507171053e-01 0.00000000000000e+00
11 -2.50652532258718e-01 9.68077118866205e-01 0.00000000000000e+00
12 -4.40394151557632e-01 8.97804539570743e-01 0.00000000000000e+00
13 -6.12105982547660e-01 7.90775736937701e-01 0.00000000000000e+00
14 -7.58758122692787e-01 6.51372482722226e-01 0.00000000000000e+00
15 -8.74346616144579e-01 4.85301962531086e-01 0.00000000000000e+00
16 -9.54139256400046e-01 2.99363122973366e-01 0.00000000000000e+00
17 -9.94869323391894e-01 1.01168321987441e-01 0.00000000000000e+00
18 -9.94869323391896e-01 -1.01168321987425e-01 0.00000000000000e+00
19 -9.54139256400049e-01 -2.99363122973357e-01 0.00000000000000e+00
20 -8.74346616144578e-01 -4.85301962531088e-01 0.00000000000000e+00
21 -7.58758122692783e-01 -6.51372482722231e-01 0.00000000000000e+00
22 -6.12105982547652e-01 -7.90775736937707e-01 0.00000000000000e+00
23 -4.40394151557624e-01 -8.97804539570747e-01 0.00000000000000e+00
24 -2.50652532258709e-01 -9.68077118866207e-01 0.00000000000000e+00
25 -5.06491688387020e-02 -9.98716507171053e-01 0.00000000000000e+00
26 1.51427777504585e-01 -9.88468324328110e-01 0.00000000000000e+00
27 3.47305252844827e-01 -9.37752132147078e-01 0.00000000000000e+00
28 5.28964010326968e-01 -8.48644257494748e-01 0.00000000000000e+00
29 6.88966919075690e-01 -7.24792787229117e-01 0.00000000000000e+00
30 8.20763441207278e-01 -5.71268215094789e-01 0.00000000000000e+00
31 9.18957811620232e-01 -3.94355855113316e-01 0.00000000000000e+00
32 9.79529941252495e-01 -2.01298520088659e-01 0.00000000000000e+00
82 8.41706911784104e-01 9.64624764962032e-02 0.00000000000000e+00
83 7.71191826418084e-01 2.54127461678659e-01 0.00000000000000e+00
84 6.77088297796381e-01 4.25240984309042e-01 0.00000000000000e+00
85 5.63071156193150e-01 6.06160185443122e-01 0.00000000000000e+00
86 3.14475104073047e-01 6.58580229023616e-01 0.00000000000000e+00
87 1.19050203419677e-01 8.09113381033109e-01 0.00000000000000e+00
88 -1.01888545880688e-01 7.85699249807987e-01 0.00000000000000e+00
89 -3.07538817920835e-01 7.39118549376172e-01 0.00000000000000e+00
90 -5.07372491826200e-01 6.64118646390500e-01 0.00000000000000e+00
91 -6.09901194210565e-01 4.76355294972782e-01 0.00000000000000e+00
92 -7.07406591990475e-01 2.80767162158884e-01 0.00000000000000e+00
93 -8.14586193429874e-01 8.37181712736643e-02 0.00000000000000e+00
94 -7.69236025832074e-01 -1.29191324011790e-01 0.00000000000000e+00
95 -7.06898907757371e-01 -3.36234678810931e-01 0.00000000000000e+00
96 -6.24870013767794e-01 -5.37585392628557e-01 0.00000000000000e+00
97 -4.32712673337709e-01 -6.46069778223264e-01 0.00000000000000e+00
98 -2.43923286078789e-01 -7.52175425314602e-01 0.00000000000000e+00
99 -4.61254678391506e-02 -8.40829935170067e-01 0.00000000000000e+00
100 1.57660268785914e-01 -7.81757958626278e-01 0.00000000000000e+00
101 3.55855188408841e-01 -7.00162973696589e-01 0.00000000000000e+00
102 5.57558842718667e-01 -6.09233878866891e-01 0.00000000000000e+00
103 6.46387115517530e-01 -4.21435903523934e-01 0.00000000000000e+00
104 7.32367025886915e-01 -2.40727907416204e-01 0.00000000000000e+00
105 7.95681430494410e-01 -6.51040256825939e-02 0.00000000000000e+00
106 5.58650797241408e-01 2.64818739580575e-01 0.00000000000000e+00
107 4.35323728226908e-01 4.43456815455892e-01 0.00000000000000e+00
108 3.89320765630193e-02 5.90174226317717e-01 0.00000000000000e+00
109 -1.75705213881687e-01 5.94760279105708e-01 0.00000000000000e+00
110 -3.68323732912114e-01 5.14331774637802e-01 0.00000000000000e+00
111 -4.47739572432352e-01 2.95691037294005e-01 0.00000000000000e+00
112 -5.62767896381592e-01 5.30183921480357e-02 0.00000000000000e+00
113 -5.66687315373057e-01 -1.81811992973630e-01 0.00000000000000e+00
114 -4.45124041150897e-01 -3.79759880572728e-01 0.00000000000000e+00
115 -2.36374969187570e-01 -5.27764265334631e-01 0.00000000000000e+00
116 -4.04695914058294e-02 -6.51892115368807e-01 0.00000000000000e+00
117 1.64635150143889e-01 -5.77982259234450e-01 0.00000000000000e+00
118 3.75945378259318e-01 -4.57245364139658e-01 0.00000000000000e+00
119 4.86998116579611e-01 -2.56498924632991e-01 0.00000000000000e+00
120 6.59302910697365e-01 9.32479155136315e-02 0.00000000000000e+00
121 1.67069747848788e-01 3.75577975347014e-01 0.00000000000000e+00
122 5.76846208109805e-01 -7.78711458510814e-02 0.00000000000000e+00
123 -1.52521182428392e-01 3.68271059327662e-01 0.00000000000000e+00
124 3.49420264887676e-01 -6.94654517957205e-02 0.00000000000000e+00
125 -2.80033855537797e-01 1.15312888824540e-01 0.00000000000000e+00
126 3.60758180069489e-01 2.64004978074828e-01 0.00000000000000e+00
127 -3.60757021160726e-01 -1.22888478811277e-01 0.00000000000000e+00
128 -2.83093515626562e-02 -4.49800709047778e-01 0.00000000000000e+00
129 -2.00905648379812e-01 -2.97736242050360e-01 0.00000000000000e+00
130 1.58525335537290e-01 -3.94696417112662e-01 0.00000000000000e+00
131 2.54181708726871e-01 -2.41252892355408e-01 0.00000000000000e+00
132 4.52688301798221e-01 9.60598677941471e-02 0.00000000000000e+00
133 -1.38488908097897e-02 1.48877676988026e-01 0.00000000000000e+00
134 2.28275668708351e-01 1.24617293916255e-01 0.00000000000000e+00
135 -1.25155272424128e-01 -7.20973437349731e-02 0.00000000000000e+00
136 2.35315476231421e-02 -2.46304806029179e-01 0.00000000000000e+00
137 1.15049638920204e-01 -5.67558174340378e-02 0.00000000000000e+00
83 203 3 1 82 
84 203 4 3 83 
85 203 3 82 83 
86 203 5 4 84 
87 203 4 83 84 
88 203 84 85 5 
89 203 7 6 85 
90 203 6 5 85 
91 203 8 7 86 
92 203 7 85 86 
93 203 9 8 87 
94 203 10 9 87 
95 203 8 86 87 
96 203 11 10 88 
97 203 12 11 89 
98 203 11 88 89 
99 203 13 12 90 
100 203 12 89 90 
101 203 14 13 90 
102 203 15 14 91 
103 203 14 90 91 
104 203 16 15 92 
105 203 15 91 92 
106 203 17 16 93 
107 203 18 17 93 
108 203 16 92 93 
109 203 19 18 94 
110 203 20 19 95 
111 203 19 94 95 
112 203 21 20 96 
113 203 20 95 96 
114 203 22 21 96 
115 203 23 22 97 
116 203 22 96 97 
117 203 24 23 98 
118 203 23 97 98 
119 203 25 24 99 
120 203 26 25 99 
121 203 24 98 99 
122 203 27 26 100 
123 203 28 27 101 
124 203 27 100 101 
125 203 29 28 102 
126 203 28 101 102 
127 203 30 29 102 
128 203 31 30 103 
129 203 30 102 103 
130 203 32 31 104 
131 203 31 103 104 
132 203 1 32 105 
133 203 82 1 105 
134 203 32 104 105 
135 203 18 93 94 
136 203 88 10 87 
137 203 26 99 100 
138 203 84 83 106 
139 203 85 84 107 
140 203 84 106 107 
141 203 86 85 107 
142 203 87 86 108 
143 203 89 88 109 
144 203 90 89 110 
145 203 89 109 110 
146 203 91 90 110 
147 203 92 91 111 
148 203 91 110 111 
149 203 93 92 112 
150 203 95 94 113 
151 203 88 87 108 
152 203 96 95 114 
153 203 95 113 114 
154 203 97 96 114 
155 203 98 97 115 
156 203 97 114 115 
157 203 99 98 116 
158 203 101 100 117 
159 203 94 93 112 
160 203 102 101 118 
161 203 101 117 118 
162 203 103 102 118 
163 203 104 103 119 
164 203 103 118 119 
165 203 100 99 116 
166 203 83 82 120 
167 203 106 83 120 
168 203 82 105 120 
169 203 98 115 116 
170 203 109 88 108 
171 203 108 86 121 
172 203 86 107 121 
173 203 104 119 122 
174 203 92 111 112 
175 203 113 94 112 
176 203 117 100 116 
177 203 104 122 105 
178 203 110 109 123 
179 203 122 119 124 
180 203 112 111 125 
181 203 107 106 126 
182 203 111 110 123 
183 203 113 112 127 
184 203 114 113 127 
185 203 112 125 127 
186 203 116 115 128 
187 203 115 114 129 
188 203 114 127 129 
189 203 109 108 123 
190 203 105 122 120 
191 203 116 128 117 
192 203 118 117 130 
193 203 130 117 128 
194 203 119 118 131 
195 203 124 119 131 
196 203 118 130 131 
197 203 122 124 132 
198 203 121 107 126 
199 203 120 132 106 
200 203 111 123 125 
201 203 133 125 123 
202 203 108 121 123 
203 203 128 115 129 
204 203 121 126 134 
205 203 123 121 133 
206 203 127 125 135 
207 203 129 127 135 
208 203 125 133 135 
209 203 130 128 136 
210 203 131 130 136 
211 203 128 129 136 
212 203 120 122 132 
213 203 133 121 134 
214 203 124 131 137 
215 203 131 136 137 
216 203 129 135 136 
217 203 134 126 132 
218 203 124 137 134 
219 203 132 124 134 
220 203 137 136 135 
221 203 134 137 133 
222 203 126 106 132 
223 203 135 133 137 
