746 1430
1 1.00000000000000e+00 -2.44929359829471e-16 0.00000000000000e+00
2 1.00000000000000e+00 -2.44929359829471e-16 4.00000000000000e+00
3 9.79529941252494e-01 2.01298520088660e-01 0.00000000000000e+00
4 9.18957811620231e-01 3.94355855113319e-01 0.00000000000000e+00
5 8.20763441207276e-01 5.71268215094792e-01 0.00000000000000e+00
6 6.88966919075686e-01 7.24792787229120e-01 0.00000000000000e+00
7 5.28964010326962e-01 8.48644257494751e-01 0.00000000000000e+00
8 3.47305252844821e-01 9.37752132147080e-01 0.00000000000000e+00
9 1.51427777504578e-01 9.88468324328111e-01 0.00000000000000e+00
10 -5.06491688387102e-02 9.98716507171053e-01 0.00000000000000e+00
11 -2.50652532258718e-01 9.68077118866205e-01 0.00000000000000e+00
12 -4.40394151557632e-01 8.97804539570743e-01 0.00000000000000e+00
13 -6.12105982547660e-01 7.90775736937701e-01 0.00000000000000e+00
14 -7.58758122692787e-01 6.51372482722226e-01 0.00000000000000e+00
15 -8.74346616144579e-01 4.85301962531086e-01 0.00000000000000e+00
16 -9.54139256400046e-01 2.99363122973366e-01 0.00000000000000e+00
17 -9.94869323391894e-01 1.01168321987441e-01 0.00000000000000e+00
18 -9.94869323391896e-01 -1.01168321987425e-01 0.00000000000000e+00
19 -9.54139256400049e-01 -2.99363122973357e-01 0.00000000000000e+00
20 -8.74346616144578e-01 -4.85301962531088e-01 0.00000000000000e+00
21 -7.58758122692783e-01 -6.51372482722231e-01 0.00000000000000e+00
22 -6.12105982547652e-01 -7.90775736937707e-01 0.00000000000000e+00
23 -4.40394151557624e-01 -8.97804539570747e-01 0.00000000000000e+00
24 -2.50652532258709e-01 -9.68077118866207e-01 0.00000000000000e+00
25 -5.06491688387020e-02 -9.98716507171053e-01 0.00000000000000e+00
26 1.51427777504585e-01 -9.88468324328110e-01 0.00000000000000e+00
27 3.47305252844827e-01 -9.37752132147078e-01 0.00000000000000e+00
28 5.28964010326968e-01 -8.48644257494748e-01 0.00000000000000e+00
29 6.88966919075690e-01 -7.24792787229117e-01 0.00000000000000e+00
30 8.20763441207278e-01 -5.71268215094789e-01 0.00000000000000e+00
31 9.18957811620232e-01 -3.94355855113316e-01 0.00000000000000e+00
32 9.79529941252495e-01 -2.01298520088659e-01 0.00000000000000e+00
33 9.79529941252494e-01 2.01298520088660e-01 4.00000000000000e+00
34 9.18957811620231e-01 3.94355855113319e-01 4.00000000000000e+00
35 8.20763441207276e-01 5.71268215094792e-01 4.00000000000000e+00
36 6.88966919075686e-01 7.24792787229120e-01 4.00000000000000e+00
37 5.28964010326962e-01 8.48644257494751e-01 4.00000000000000e+00
38 3.47305252844821e-01 9.37752132147080e-01 4.00000000000000e+00
39 1.51427777504578e-01 9.88468324328111e-01 4.00000000000000e+00
40 -5.06491688387102e-02 9.98716507171053e-01 4.00000000000000e+00
41 -2.50652532258718e-01 9.68077118866205e-01 4.00000000000000e+00
42 -4.40394151557632e-01 8.97804539570743e-01 4.00000000000000e+00
43 -6.12105982547660e-01 7.90775736937701e-01 4.00000000000000e+00
44 -7.58758122692787e-01 6.51372482722226e-01 4.00000000000000e+00
45 -8.74346616144579e-01 4.85301962531086e-01 4.00000000000000e+00
46 -9.54139256400046e-01 2.99363122973366e-01 4.00000000000000e+00
47 -9.94869323391894e-01 1.01168321987441e-01 4.00000000000000e+00
48 -9.94869323391896e-01 -1.01168321987425e-01 4.00000000000000e+00
49 -9.54139256400049e-01 -2.99363122973357e-01 4.00000000000000e+00
50 -8.74346616144578e-01 -4.85301962531088e-01 4.00000000000000e+00
51 -7.58758122692783e-01 -6.51372482722231e-01 4.00000000000000e+00
52 -6.12105982547652e-01 -7.90775736937707e-01 4.00000000000000e+00
53 -4.40394151557624e-01 -8.97804539570747e-01 4.00000000000000e+00
54 -2.50652532258709e-01 -9.68077118866207e-01 4.00000000000000e+00
55 -5.06491688387020e-02 -9.98716507171053e-01 4.00000000000000e+00
56 1.51427777504585e-01 -9.88468324328110e-01 4.00000000000000e+00
57 3.47305252844827e-01 -9.37752132147078e-01 4.00000000000000e+00
58 5.28964010326968e-01 -8.48644257494748e-01 4.00000000000000e+00
59 6.88966919075690e-01 -7.24792787229117e-01 4.00000000000000e+00
60 8.20763441207278e-01 -5.71268215094789e-01 4.00000000000000e+00
61 9.18957811620232e-01 -3.94355855113316e-01 4.00000000000000e+00
62 9.79529941252495e-01 -2.01298520088659e-01 4.00000000000000e+00
63 1.00000000000000e+00 -2.44929359829471e-16 1.99999999999997e-01
64 1.00000000000000e+00 -2.44929359829471e-16 3.99999999999993e-01
65 1.00000000000000e+00 -2.44929359829471e-16 5.99999999999990e-01
66 1.00000000000000e+00 -2.44929359829471e-16 7.99999999999986e-01
67 1.00000000000000e+00 -2.44929359829471e-16 9.99999999999987e-01
68 1.00000000000000e+00 -2.44929359829471e-16 1.19999999999999e+00
69 1.00000000000000e+00 -2.44929359829471e-16 1.39999999999999e+00
70 1.00000000000000e+00 -2.44929359829471e-16 1.59999999999999e+00
71 1.00000000000000e+00 -2.44929359829471e-16 1.79999999999999e+00
72 1.00000000000000e+00 -2.44929359829471e-16 1.99999999999999e+00
73 1.00000000000000e+00 -2.44929359829471e-16 2.19999999999999e+00
74 1.00000000000000e+00 -2.44929359829471e-16 2.39999999999999e+00
75 1.00000000000000e+00 -2.44929359829471e-16 2.59999999999999e+00
76 1.00000000000000e+00 -2.44929359829471e-16 2.79999999999999e+00
77 1.00000000000000e+00 -2.44929359829471e-16 3.00000000000000e+00
78 1.00000000000000e+00 -2.44929359829471e-16 3.20000000000000e+00
79 1.00000000000000e+00 -2.44929359829471e-16 3.40000000000000e+00
80 1.00000000000000e+00 -2.44929359829471e-16 3.60000000000000e+00
81 1.00000000000000e+00 -2.44929359829471e-16 3.80000000000000e+00
210 9.46761028769014e-01 3.21937190153979e-01 3.83974774372167e+00
211 8.75560874954771e-01 4.83107808101294e-01 3.82197317040301e+00
212 7.63713956877263e-01 6.45554794011224e-01 3.81722824134996e+00
213 6.16724314494106e-01 7.87179217149294e-01 3.81983224266578e+00
214 4.43036429755678e-01 8.96503609535032e-01 3.82325439044973e+00
215 2.51965219925859e-01 9.67736290498457e-01 3.82579873827650e+00
216 5.03537465851452e-02 9.98731445487143e-01 3.82645607418911e+00
217 -1.51716391045786e-01 9.88424067234323e-01 3.82660740360533e+00
218 -3.47174503039172e-01 9.37800546192795e-01 3.82674170983041e+00
219 -5.28982317109559e-01 8.48632846515737e-01 3.82624590921061e+00
220 -6.89086708851827e-01 7.24678899709214e-01 3.82621203843830e+00
221 -8.20510579394863e-01 5.71631340201974e-01 3.82630843906599e+00
222 -9.18974560394088e-01 3.94316823567665e-01 3.82653902849657e+00
223 -9.79452569024309e-01 2.01674651435628e-01 3.82651401822171e+00
224 -9.99999994693966e-01 -1.03014887754525e-04 3.82684725980722e+00
225 -9.79607832686450e-01 -2.00919123378924e-01 3.82653889227080e+00
226 -9.19023616240919e-01 -3.94202476896663e-01 3.82654395248967e+00
227 -8.20675617850015e-01 -5.71394373674169e-01 3.82689782744077e+00
228 -6.89178048664609e-01 -7.24592035036848e-01 3.82661418328490e+00
229 -5.29758508946788e-01 -8.48148526025057e-01 3.82660358770071e+00
230 -3.48219772166176e-01 -9.37412924101506e-01 3.82674698604730e+00
231 -1.53564243781412e-01 -9.88138665892517e-01 3.82720843180992e+00
232 4.80662944716297e-02 -9.98844147670580e-01 3.82774222930067e+00
233 2.46723893121813e-01 -9.69085816923773e-01 3.82761292884109e+00
234 4.35567067128187e-01 -9.00156280894239e-01 3.82688660610975e+00
235 6.08062120185095e-01 -7.93889449480220e-01 3.82432620074889e+00
236 7.56752769311363e-01 -6.53701190254066e-01 3.81898559614306e+00
237 8.74242290775804e-01 -4.85489873240498e-01 3.81267328970340e+00
238 9.52304984688445e-01 -3.05147859467408e-01 3.82719040262278e+00
239 9.90490081651194e-01 -1.37584149343631e-01 3.86271713642033e+00
240 9.83143531123673e-01 -1.82835437510555e-01 2.75968822287058e-01
241 9.81116469892522e-01 -1.93417870181730e-01 6.96656109161271e-01
242 9.84241711229571e-01 -1.76828317516979e-01 1.10265496197805e+00
243 9.85266816303939e-01 -1.71024269302048e-01 1.50174957110967e+00
244 9.85283082393501e-01 -1.70930534279753e-01 1.89833243876810e+00
245 9.85441000854449e-01 -1.70017745647277e-01 2.29325656950238e+00
246 9.86484577047983e-01 -1.63854140156609e-01 2.68713400309405e+00
247 9.86437698514351e-01 -1.64136123232245e-01 3.08668020526838e+00
248 9.83299365519012e-01 -1.81995488322947e-01 3.49464680806864e+00
249 9.85327995493755e-01 -1.70671442532890e-01 3.69074564980528e+00
250 9.43980519140786e-01 3.30001181032269e-01 1.73024874530393e-01
251 7.53909035126185e-01 6.56978817584786e-01 1.75100672905952e-01
252 4.34951007960843e-01 9.00454119138697e-01 1.68969923194133e-01
253 4.80806229240434e-02 9.98843458054983e-01 1.71781414116662e-01
254 -3.47534339974634e-01 9.37667255767415e-01 1.73204041707269e-01
255 -6.89276534771297e-01 7.24498349627985e-01 1.73328505784789e-01
256 -9.19050081298289e-01 3.94140771889445e-01 1.73537688777015e-01
257 -9.99999968642303e-01 -2.50430413722001e-04 1.73333967160724e-01
258 -9.18932089604598e-01 -3.94415789104503e-01 1.73314153084283e-01
259 -6.88962335887864e-01 -7.24797143846426e-01 1.73087759892086e-01
260 -3.47682955949626e-01 -9.37612159766569e-01 1.72659292799304e-01
261 5.01060446960788e-02 -9.98743903252938e-01 1.70309011683612e-01
262 4.41619481586402e-01 -8.97202448438120e-01 1.68750343057224e-01
263 7.58200788015364e-01 -6.52021138501569e-01 1.63229108086689e-01
264 9.43764365843657e-01 -3.30618846655358e-01 1.66442700284144e-01
265 9.83659012284710e-01 1.80041516187430e-01 2.80578160532793e-01
266 9.81848100529524e-01 1.89668941807998e-01 4.96824810778830e-01
267 9.83334979926204e-01 1.81802962719348e-01 7.09302824364665e-01
268 9.84234486229707e-01 1.76868527771747e-01 9.15273504812906e-01
269 9.84750438326633e-01 1.73972912303909e-01 1.11777052325001e+00
270 9.84920004391511e-01 1.73010360815259e-01 1.31873602825795e+00
271 9.85074289486742e-01 1.72129730703881e-01 1.51874715061511e+00
272 9.85141154671766e-01 1.71746631326437e-01 1.71825401256807e+00
273 9.85354969698954e-01 1.70515640601010e-01 1.91762757594504e+00
274 9.85622479642616e-01 1.68962503601066e-01 2.11552403958491e+00
275 9.86131650515986e-01 1.65964959707216e-01 2.31273995263031e+00
276 9.86641177476489e-01 1.62908523128189e-01 2.50956200460073e+00
277 9.87085662745306e-01 1.60193303239117e-01 2.70506298671120e+00
278 9.86387488662412e-01 1.64437593664769e-01 2.90352280287878e+00
279 9.83968633562892e-01 1.78341605253442e-01 3.10424091571078e+00
280 9.80262774199927e-01 1.97698997260640e-01 3.30978913332767e+00
281 9.80439982058387e-01 1.96818295850132e-01 3.51849423779624e+00
282 9.84555602732198e-01 1.75072171199873e-01 3.73040909346581e+00
283 9.85030156543440e-01 -1.72382106670055e-01 1.30275592355201e+00
284 9.80152686812002e-01 -1.98244068095906e-01 4.88312531292669e-01
285 9.82989540321571e-01 -1.83661546379163e-01 9.01057469403325e-01
286 9.85369298446696e-01 -1.70432818666669e-01 1.70028727789005e+00
287 9.85337264888889e-01 -1.70617919402632e-01 2.09603278315590e+00
288 9.85903090330397e-01 -1.67317352587747e-01 2.49010313873161e+00
289 9.86861016390363e-01 -1.61571452704308e-01 2.88568416971118e+00
290 9.85175992392641e-01 -1.71546681731754e-01 3.28979845620366e+00
291 2.47187707102645e-01 9.68967614245872e-01 1.70545989834679e-01
292 8.69229988538686e-01 4.94407956069718e-01 1.82708951817766e-01
293 6.06731375582189e-01 7.94906936618460e-01 1.69822826859331e-01
294 -1.52478843129592e-01 9.88306734975464e-01 1.72593401366892e-01
295 -5.29202497940536e-01 8.48495560491331e-01 1.73315297867724e-01
296 -8.20685212464950e-01 5.71380592986287e-01 1.73374486590010e-01
297 -9.79482794396427e-01 2.01527803246517e-01 1.73348922940382e-01
298 -9.79568243188889e-01 -2.01112050697696e-01 1.73258605330196e-01
299 -8.20541784031293e-01 -5.71586546953952e-01 1.73271958903976e-01
300 -5.29408409602994e-01 -8.48367099693069e-01 1.72975851362565e-01
301 -1.52548916082497e-01 -9.88295921372772e-01 1.71600344859730e-01
302 2.50715927483613e-01 -9.68060702490310e-01 1.69145888338906e-01
303 6.14370787705851e-01 -7.89017449245384e-01 1.68663975890390e-01
304 8.70753171842936e-01 -4.91720361308606e-01 1.67278207240696e-01
305 9.17921784355358e-01 -3.96761386485474e-01 3.67445340906954e-01
306 8.36000391687454e-01 5.48728844784402e-01 3.63127624814180e+00
307 6.99966338613522e-01 7.14175836057186e-01 3.63675267588254e+00
308 5.35095190125416e-01 8.44791771683794e-01 3.64477333970889e+00
309 3.49738675313706e-01 9.36847297583664e-01 3.65063410299811e+00
310 1.50951029947120e-01 9.88541241708156e-01 3.65324591954060e+00
311 -5.16940952100705e-02 9.98662966430824e-01 3.65384364540455e+00
312 -2.51156552470616e-01 9.67946478970338e-01 3.65334238992983e+00
313 -4.40599045511441e-01 8.97704005279250e-01 3.65284619029466e+00
314 -6.12024116129426e-01 7.90839099486106e-01 3.65273730831016e+00
315 -7.58499569893205e-01 6.51673539797208e-01 3.65288824413663e+00
316 -8.74013806058281e-01 4.85901087485423e-01 3.65311600955753e+00
317 -9.54102972281925e-01 2.99478744292140e-01 3.65328652912167e+00
318 -9.94818475146469e-01 1.01667111236888e-01 3.65341897668155e+00
319 -9.94871352337300e-01 -1.01148367750308e-01 3.65344851112903e+00
320 -9.54244897576659e-01 -2.99026211976329e-01 3.65340616576819e+00
321 -8.74603773280477e-01 -4.84838364574786e-01 3.65349733819275e+00
322 -7.58846515991317e-01 -6.51269502715918e-01 3.65356004653272e+00
323 -6.12785848639047e-01 -7.90249013734103e-01 3.65352232604768e+00
324 -4.41847575838388e-01 -8.97090140245527e-01 3.65357206182091e+00
325 -2.53590563436433e-01 -9.67311648919826e-01 3.65383353563306e+00
326 -5.52485978716749e-02 -9.98472629786723e-01 3.65454820762263e+00
327 1.44679436549575e-01 -9.89478580182359e-01 3.65529190196206e+00
328 3.37638571071513e-01 -9.41275833815352e-01 3.65552132210369e+00
329 5.17705400717328e-01 -8.55558950667989e-01 3.65328855396047e+00
330 6.78776546991377e-01 -7.34344877598028e-01 3.64663484376900e+00
331 8.15918009821226e-01 -5.78167623833582e-01 3.63284771683892e+00
332 9.26877507750565e-01 -3.75363937567398e-01 3.61026782789407e+00
333 9.41375916350543e-01 -3.37359428673893e-01 1.99485512748341e+00
334 9.22510927223138e-01 3.85970969314930e-01 3.82606183218870e-01
335 9.41371184437950e-01 -3.37372632425766e-01 1.40622628206308e+00
336 -8.74381593061314e-01 4.85238940848279e-01 3.46885128258010e-01
337 9.42377329536771e-01 -3.34551892499720e-01 2.38484170007381e+00
338 9.41549696241714e-01 -3.36874115222789e-01 1.79891770225004e+00
339 9.47468932493219e-01 -3.19847810622739e-01 2.77178512875329e+00
340 9.45369755541464e-01 -3.26000038815140e-01 3.16997993303937e+00
341 6.76563382141908e-01 7.36384403653895e-01 3.40400046548034e-01
342 -9.94853176754418e-01 1.01326979140025e-01 3.46800736009145e-01
343 3.38833530652478e-01 9.40846341601845e-01 3.39889115740466e-01
344 -5.31823754263040e-02 9.98584816099271e-01 3.44879334787225e-01
345 8.11892328389527e-01 5.83807200282963e-01 3.57912349781825e-01
346 1.46078579170535e-01 9.89272989981793e-01 3.43267683424711e-01
347 9.29544519690433e-01 -3.68709893972866e-01 8.06367748586330e-01
348 9.31808501241008e-01 3.62950295515772e-01 3.65366429994540e+00
349 -7.58872417242308e-01 6.51239321869323e-01 3.46582257650032e-01
350 5.17099304444985e-01 8.55925411085869e-01 3.36377244893729e-01
351 -9.54143502273454e-01 2.99349590060430e-01 3.46552398876785e-01
352 -6.12416594440088e-01 7.90535207852506e-01 3.46802428930418e-01
353 -9.54098617433135e-01 -2.99492617959409e-01 3.46638668109545e-01
354 -7.58457896100813e-01 -6.51722041857055e-01 3.46337983889660e-01
355 -4.40955078388451e-01 -8.97529174368964e-01 3.45956880875820e-01
356 -5.27400790701142e-02 -9.98608273578623e-01 3.42179205363863e-01
357 3.48317855155261e-01 -9.37376483479311e-01 3.36440230239020e-01
358 6.97852693960773e-01 -7.16241312360361e-01 3.37995009018406e-01
359 9.44501209814100e-01 -3.28507936981288e-01 2.57798701650396e+00
360 9.20633394782219e-01 -3.90428165494968e-01 5.94840954347377e-01
361 9.41821184938350e-01 -3.36114348996472e-01 1.60268861680154e+00
362 9.32675220511813e-01 3.60717248053433e-01 6.19829401976914e-01
363 9.37021773308055e-01 3.49270949760537e-01 8.33566762494754e-01
364 9.39115380311864e-01 3.43601953518463e-01 1.03756336234844e+00
365 9.40087467663701e-01 3.40933355865409e-01 1.23964609114437e+00
366 9.40486696966110e-01 3.39830506031723e-01 1.43947659000114e+00
367 9.40737423890518e-01 3.39135812458418e-01 1.63936424319700e+00
368 9.41181118398820e-01 3.37902504236868e-01 1.83784424168578e+00
369 9.42123012580070e-01 3.35267399499346e-01 2.03610377183316e+00
370 9.43432605269737e-01 3.31564351693538e-01 2.23192101981854e+00
371 9.45697658755383e-01 3.25047593783722e-01 2.42566692951707e+00
372 9.47932637600395e-01 3.18470900667484e-01 2.61633550239231e+00
373 9.49207482641404e-01 3.14650846014385e-01 2.80468714618684e+00
374 9.43341993333531e-01 3.31822066194401e-01 2.99713895386375e+00
375 9.28972002438131e-01 3.70149994848155e-01 3.19600290998255e+00
376 9.09387661583606e-01 4.15949613486418e-01 3.42916468422823e+00
377 9.39803915576293e-01 -3.41714208465889e-01 1.20864885997399e+00
378 -4.40882171806055e-01 8.97564989615558e-01 3.46568414817810e-01
379 9.41414696591479e-01 -3.37251195760034e-01 2.19025657062458e+00
380 9.38180268265439e-01 -3.46147055797660e-01 3.37763607140240e+00
381 9.48327406200006e-01 -3.17293445646092e-01 2.96907208524197e+00
382 -2.51891239707127e-01 9.67755549381561e-01 3.45743843789923e-01
383 -8.74352119269005e-01 -4.85292047667999e-01 3.46707227400343e-01
384 -9.94827887174923e-01 -1.01574971814315e-01 3.46436981531998e-01
385 -6.12169624420498e-01 -7.90726470365617e-01 3.46130846235985e-01
386 -2.51964085293662e-01 -9.67736585916916e-01 3.44313963899188e-01
387 1.50303350490249e-01 -9.88639925772475e-01 3.38807701860321e-01
388 5.34300146392191e-01 -8.45294832330876e-01 3.37073422741527e-01
389 8.18907412116090e-01 -5.73925648826857e-01 3.16492803020784e-01
390 9.35918257578166e-01 -3.52217283976595e-01 1.00956149690912e+00
391 6.20192597222320e-01 7.84449579227775e-01 3.46319837973347e+00
392 4.42071767197120e-01 8.96979683519763e-01 3.47466183153326e+00
393 2.48932329120656e-01 9.68520880269788e-01 3.48027957663759e+00
394 4.78883457707351e-02 9.98852695015307e-01 3.48165235088705e+00
395 -1.53289748460111e-01 9.88181285502329e-01 3.48058866552393e+00
396 -3.47690826084585e-01 9.37609241345572e-01 3.47934831356485e+00
397 -5.28822088876532e-01 8.48732701335504e-01 3.47886220574628e+00
398 -6.88701947872179e-01 7.25044568972878e-01 3.47914853339025e+00
399 -8.20172111117529e-01 5.72116865810662e-01 3.47955749832538e+00
400 -9.18770427009917e-01 3.94792226939710e-01 3.47989590474445e+00
401 -9.79370321431510e-01 2.02073683341350e-01 3.48009188862259e+00
402 -9.99999956232442e-01 2.95863335783062e-04 3.48017831883018e+00
403 -9.79684918847416e-01 -2.00542912572175e-01 3.48020622201557e+00
404 -9.19214587592091e-01 -3.93756957980304e-01 3.48019832069593e+00
405 -8.20985488802725e-01 -5.70949058301484e-01 3.48032200619321e+00
406 -6.89646140941900e-01 -7.24146532328882e-01 3.48041465366740e+00
407 -5.30573601693449e-01 -8.47638869558281e-01 3.48033477857489e+00
408 -3.49761364767693e-01 -9.36838826968567e-01 3.48035063193408e+00
409 -1.56525482430498e-01 -9.87673920557742e-01 3.48068997529449e+00
410 4.23308734771629e-02 -9.99103646850846e-01 3.48159572465319e+00
411 2.36756545460057e-01 -9.71569008450671e-01 3.48342551436228e+00
412 4.21312125522899e-01 -9.06915703297377e-01 3.48330261562709e+00
413 5.88963722275990e-01 -8.08159473026710e-01 3.47924535171246e+00
414 7.35165464913384e-01 -6.77887703973665e-01 3.46665019100082e+00
415 8.54683607629615e-01 -5.19149237550462e-01 3.43884040992748e+00
416 8.75465558372354e-01 -4.83280514922527e-01 3.24083006781856e+00
417 8.70974326051916e-01 -4.91328528948209e-01 1.50826480845759e+00
418 8.01542597177921e-01 -5.97937676442347e-01 5.10920113001591e-01
419 8.69496208249130e-01 -4.93939615581080e-01 1.89519637038965e+00
420 2.41952426645709e-01 9.70288113521058e-01 5.14273685856410e-01
421 8.86707203563862e-01 -4.62331412677049e-01 3.04618181113237e+00
422 8.69281545279253e-01 -4.94317301980129e-01 2.28332784528741e+00
423 8.64474710798119e-01 -5.02676311745947e-01 1.12171945720264e+00
424 5.88875752652206e-01 8.08223575465538e-01 4.98118407933908e-01
425 7.76234819789960e-01 6.30443894843664e-01 3.44771159347753e+00
426 -9.99999936964835e-01 -3.55063833155607e-04 5.20108041860962e-01
427 6.25671259897047e-01 -7.80086837819253e-01 5.05109803113826e-01
428 -1.53610105950718e-01 -9.88131537473533e-01 5.15571096736922e-01
429 4.25644174743126e-01 9.04890621294775e-01 5.07686065753847e-01
430 -9.79570682944808e-01 2.01100166869753e-01 5.19941981358294e-01
431 -6.89215895077199e-01 7.24556036461595e-01 5.20167648679656e-01
432 -8.20514702066587e-01 -5.71625422538728e-01 5.20024017897365e-01
433 8.53887753365022e-01 -5.20457207321827e-01 9.26464469303399e-01
434 -5.29040631799619e-01 -8.48596494162603e-01 5.19474288126723e-01
435 -3.48194288280296e-01 -9.37422390179037e-01 5.18430012541629e-01
436 2.47836912385844e-01 -9.68801767576346e-01 5.04295929108448e-01
437 4.42395313212595e-01 -8.96820153011478e-01 5.00817270898105e-01
438 -9.19016772037640e-01 3.94218432741946e-01 5.20058823522361e-01
439 8.34919910816729e-01 -5.50371458672945e-01 7.25431155414119e-01
440 8.59721708110559e-01 5.10762747861924e-01 7.61894329767811e-01
441 -3.48541607132503e-01 9.37293309534156e-01 5.19290860132184e-01
442 8.70410203365797e-01 -4.92327206110644e-01 1.70186021958414e+00
443 8.68912877124768e-01 -4.94965061359646e-01 2.08985705069639e+00
444 8.87008519261078e-01 -4.61753058201319e-01 2.85280428114223e+00
445 8.63991684593937e-01 5.03506076380942e-01 9.64155034889120e-01
446 8.66599346475592e-01 4.99004581830745e-01 1.16504083953443e+00
447 8.67424182477972e-01 4.97569379737561e-01 1.36554500299503e+00
448 8.67698518665117e-01 4.97090817362744e-01 1.56459143600572e+00
449 8.68479251396175e-01 4.95725518703989e-01 1.76407060837207e+00
450 8.69887087157958e-01 4.93250905316801e-01 1.96212390030283e+00
451 8.72225443724981e-01 4.89104053672386e-01 2.15956786974688e+00
452 8.75825260405758e-01 4.82628338615944e-01 2.35295639879575e+00
453 8.82668919147167e-01 4.69995296967504e-01 2.53994659661135e+00
454 8.86290437761668e-01 4.63129852128138e-01 2.72355684929546e+00
455 8.91179586986294e-01 4.53650684711197e-01 2.88835930889643e+00
456 8.60976436222995e-01 5.08644842958966e-01 3.05231480920468e+00
457 8.29387223469663e-01 5.58674174761357e-01 3.24984607249844e+00
458 8.69577902095515e-01 -4.93795779839362e-01 1.31522904999234e+00
459 8.79064363926514e-01 -4.76703098452772e-01 2.66345417539229e+00
460 -5.29484802977923e-01 8.48319422986076e-01 5.19814418141600e-01
461 8.47249218321550e-01 5.31195596794177e-01 5.55017487280242e-01
462 -8.20891161035080e-01 5.71084671248037e-01 5.20222318356447e-01
463 -9.18816279760885e-01 -3.94685500172438e-01 5.19591128036042e-01
464 7.31992924927971e-01 6.81312232280761e-01 5.13364756619559e-01
465 -1.53539011382202e-01 9.88142586868806e-01 5.18639165374752e-01
466 4.59144886196544e-02 9.98945373749133e-01 5.17248069136810e-01
467 -9.79443936676740e-01 -2.01716570730247e-01 5.19699041726933e-01
468 -6.88696122238928e-01 -7.25050102553653e-01 5.19802745856381e-01
469 4.74177674012074e-02 -9.98875145017977e-01 5.10624479709852e-01
470 8.71775220721193e-01 -4.89906077260238e-01 2.47582981750835e+00
471 -9.94790935010119e-01 -1.01936233115091e-01 6.93143894844568e-01
472 3.41354004489045e-01 9.39934808175170e-01 3.30834170659270e+00
473 1.44838777366186e-01 9.89455268605443e-01 3.31036532242931e+00
474 -5.49252792209741e-02 9.98490467507075e-01 3.30782055431475e+00
475 -2.52663071253483e-01 9.67554325309312e-01 3.30548198932437e+00
476 -4.40292517994511e-01 8.97854386077193e-01 3.30425467050147e+00
477 -6.11271107457981e-01 7.91421274156244e-01 3.30461117352308e+00
478 -7.57829688999453e-01 6.52452421614782e-01 3.30570844395147e+00
479 -8.73576945765446e-01 4.86686058796751e-01 3.30612137749504e+00
480 -9.53871232324253e-01 3.00216042449785e-01 3.30682091602806e+00
481 -9.94745608633685e-01 1.02377605480887e-01 3.30669271817983e+00
482 -9.94943676079165e-01 -1.00434463358340e-01 3.30704196411182e+00
483 -9.54475771726679e-01 -2.98288452989317e-01 3.30683943346010e+00
484 -8.75049668727040e-01 -4.84033136531681e-01 3.30687458509247e+00
485 -7.59494483708022e-01 -6.50513742527462e-01 3.30729408872385e+00
486 -6.13580819863116e-01 -7.89631925327305e-01 3.30733069081624e+00
487 -4.42892697145303e-01 -8.96574625346579e-01 3.30680571714835e+00
488 -2.55221666689429e-01 -9.66882568284417e-01 3.30678733684735e+00
489 -5.85294194019797e-02 -9.98285684092719e-01 3.30693027141272e+00
490 1.36992000335406e-01 -9.90572153779877e-01 3.30901276826012e+00
491 3.23574417943735e-01 -9.46202724606293e-01 3.31221470156126e+00
492 4.95434791938115e-01 -8.68645132915184e-01 3.31169071776775e+00
493 6.46074591806397e-01 -7.63274276929465e-01 3.30559602295824e+00
494 7.74203753115715e-01 -6.32936449149155e-01 3.28565163415607e+00
495 -8.74543300493916e-01 4.84947435874454e-01 6.94419301635074e-01
496 -6.11516828147080e-01 -7.91231425622703e-01 6.93467300552778e-01
497 1.45788439830152e-01 -9.89315789226014e-01 6.75495292729782e-01
498 7.71853009288288e-01 -6.35801016083345e-01 1.23200604813035e+00
499 -5.40397531218369e-02 9.98538784966579e-01 6.91108623940775e-01
500 6.91911677339745e-01 7.21982154045999e-01 3.27500258026456e+00
501 7.74630022267023e-01 -6.32414680887938e-01 1.60680988642460e+00
502 7.56797032984840e-01 6.53649945204116e-01 7.04800514539137e-01
503 7.74671798689702e-01 -6.32363506469864e-01 2.57102914475999e+00
504 -9.94942064456445e-01 1.00450427451295e-01 6.93682278116740e-01
505 -4.41577219855806e-01 8.97223249199672e-01 6.93667734554627e-01
506 8.02330908042899e-01 -5.96879480296531e-01 3.11009993061342e+00
507 5.26261680036324e-01 8.50322670593549e-01 3.29609738055473e+00
508 -7.58158433652460e-01 -6.52070386907463e-01 6.93246886846875e-01
509 5.09975472751500e-01 8.60188942728215e-01 6.72751174995478e-01
510 -5.34651708005674e-02 -9.98569714897896e-01 6.85579552752883e-01
511 -9.54287895131869e-01 2.98888964675491e-01 6.93707612373259e-01
512 6.97702201696596e-01 -7.16387910107173e-01 6.77859403518947e-01
513 1.45075406475644e-01 9.89420601380387e-01 6.89561527416653e-01
514 -7.58981077779511e-01 6.51112681164061e-01 6.94275072046155e-01
515 7.70744105611004e-01 -6.37144821579751e-01 1.98967747377287e+00
516 8.13096919830217e-01 -5.82128335474759e-01 2.93008056649559e+00
517 7.59496563083221e-01 6.50511314786127e-01 8.97933617716720e-01
518 7.66684309553555e-01 6.42024274840436e-01 1.09775616556617e+00
519 7.67764982612842e-01 6.40731559604724e-01 1.29680074282437e+00
520 7.67661119339044e-01 6.40855994631498e-01 1.49635229342452e+00
521 7.68328863919842e-01 6.40055276415752e-01 1.69556153413918e+00
522 7.70519738114791e-01 6.37416138151140e-01 1.89503421692227e+00
523 7.74055474009596e-01 6.33117779844935e-01 2.09364024291080e+00
524 7.78864514820485e-01 6.27192209417058e-01 2.29165670701745e+00
525 7.86598368892144e-01 6.17464983668077e-01 2.48528099799649e+00
526 8.07570997987468e-01 5.89770364811190e-01 2.65682686440592e+00
527 7.91952209660894e-01 6.10583080025337e-01 2.85667075461453e+00
528 7.96078742320016e-01 -6.05193056822516e-01 2.74881681278927e+00
529 7.70268022232100e-01 -6.37720294429031e-01 2.37871856490447e+00
530 -6.12523786549005e-01 7.90452155991537e-01 6.94418142922319e-01
531 -2.52848940339070e-01 9.67505769165957e-01 6.92071635473793e-01
532 7.72348422074253e-01 -6.35199114388088e-01 1.79644315480146e+00
533 5.26962565284086e-01 -8.49888495503507e-01 6.61971713418750e-01
534 -2.51522821687651e-01 -9.67851367809274e-01 6.91167198287543e-01
535 7.59997944579637e-01 -6.49925475908374e-01 1.04709604547427e+00
536 3.40149251083214e-01 -9.40371462235817e-01 6.64089207579006e-01
537 -8.73952485701593e-01 -4.86011370994554e-01 6.93383956118189e-01
538 3.36004208746022e-01 9.41860484203982e-01 6.83167600429164e-01
539 -4.40063629053178e-01 -8.97966593133924e-01 6.93491735824409e-01
540 7.76185805834634e-01 -6.30504238543120e-01 1.41897848790788e+00
541 7.44977766428014e-01 6.67089295018236e-01 3.07633315468145e+00
542 -9.53868428277413e-01 -3.00224951553961e-01 6.93463599659028e-01
543 7.37719699156313e-01 -6.75107136295210e-01 8.63391039640468e-01
544 7.69839227508014e-01 -6.38237858317621e-01 2.18354065852405e+00
545 6.47226799523484e-01 7.62297494406605e-01 6.47091633690027e-01
546 6.46645019014910e-01 -7.62791071908427e-01 2.27786395440393e+00
547 4.23788839919042e-02 9.99101611544892e-01 3.13597751299133e+00
548 -1.54681943309626e-01 9.87964319403266e-01 3.13066656034632e+00
549 -3.47204327870815e-01 9.37789504477298e-01 3.12860665168897e+00
550 -5.27363534917721e-01 8.49639748386977e-01 3.12925032825266e+00
551 -6.87152242665376e-01 7.26513451630418e-01 3.13067277930873e+00
552 -8.19370809441837e-01 5.73263880455266e-01 3.13216464692991e+00
553 -9.18123522677845e-01 3.96294331407383e-01 3.13297862418665e+00
554 -9.79150809720109e-01 2.03134664261065e-01 3.13350510499339e+00
555 -9.99998336861674e-01 1.82380752423577e-03 3.13334496456028e+00
556 -9.79912111430875e-01 -1.99429821920103e-01 3.13370280351460e+00
557 -9.19812387636461e-01 -3.92358473274777e-01 3.13386652391106e+00
558 -8.22131540998515e-01 -5.69297575346503e-01 3.13364725051029e+00
559 -6.90931789293405e-01 -7.22919955834540e-01 3.13399268654357e+00
560 -5.31742263898836e-01 -8.46906231399758e-01 3.13392649814982e+00
561 -3.51246020516130e-01 -9.36283201318694e-01 3.13319113562399e+00
562 -1.57622393283345e-01 -9.87499458802703e-01 3.13187032833185e+00
563 3.92869291946181e-02 -9.99227970582518e-01 3.13232701497098e+00
564 2.29363438860777e-01 -9.73340851353707e-01 3.13605567033892e+00
565 4.02815788448665e-01 -9.15281071898944e-01 3.14497504066645e+00
566 5.59233923590279e-01 -8.29009902658479e-01 3.13938655583186e+00
567 6.87876716623236e-01 -7.25827543379029e-01 3.13613592519374e+00
568 -9.18285924276124e-01 -3.95917871882975e-01 8.66442697434434e-01
569 7.28308810182004e-01 -6.85249062028744e-01 2.99389575079549e+00
570 4.47926361793364e-02 9.98996306171402e-01 8.62757111625247e-01
571 -9.99998839430862e-01 -1.52352779041723e-03 8.67066240472027e-01
572 -3.45589469086500e-01 -9.38385804909959e-01 8.67330324540290e-01
573 6.58446164578198e-01 -7.52627828579479e-01 1.51447863758356e+00
574 6.51958331403094e-01 7.58254794982593e-01 2.90783225518074e+00
575 5.93750749961461e-01 -8.04649020952740e-01 8.21603357923357e-01
576 4.30512079535936e-01 9.02584815612164e-01 8.46421748153557e-01
577 -9.19346402487946e-01 3.93449097384238e-01 8.67789329459365e-01
578 -5.29873127440426e-01 8.48076923879256e-01 8.68059336202418e-01
579 6.63059651955885e-01 -7.48566562136020e-01 1.33666062674656e+00
580 4.84694452515328e-02 -9.98824665733185e-01 8.52967236933878e-01
581 -9.79172504508738e-01 -2.03030062833278e-01 8.66578928817516e-01
582 -6.87608114400061e-01 -7.26082007084044e-01 8.67081932708135e-01
583 -9.79820972306611e-01 1.99877117820242e-01 8.67214038694160e-01
584 -5.27306013195049e-01 -8.49675448891129e-01 8.67488571414991e-01
585 -8.21099639490766e-01 5.70784882445334e-01 8.68401182141408e-01
586 6.48276780367082e-01 -7.61404764916066e-01 2.08183529443228e+00
587 6.18790204983911e-01 7.85556288381660e-01 8.30825255796699e-01
588 6.45257821068537e-01 7.63964884238722e-01 1.03573249382915e+00
589 6.45247862819742e-01 7.63973295034947e-01 1.23204273234705e+00
590 6.43385045328552e-01 7.65542737832172e-01 1.43168811074761e+00
591 6.43020096177733e-01 7.65849303656783e-01 1.63131057650668e+00
592 6.45791536009088e-01 7.63513779848814e-01 1.83195887370379e+00
593 6.51738717085298e-01 7.58443567216448e-01 2.03135149184577e+00
594 6.58654413883297e-01 7.52445588113885e-01 2.23218632021421e+00
595 6.67208848861761e-01 7.44870694819284e-01 2.43732871398418e+00
596 6.84444965130916e-01 7.29064530550581e-01 2.66974738823992e+00
597 -1.50563896503235e-01 -9.88600279723693e-01 8.63443858818854e-01
598 -6.89296285003236e-01 7.24479559049624e-01 8.68660590260136e-01
599 -3.49264670639482e-01 9.37024113800224e-01 8.66112947464189e-01
600 6.50475240593923e-01 -7.59527459262848e-01 1.88785455648631e+00
601 6.49363614372667e-01 -7.60478070905971e-01 1.15924389993640e+00
602 4.23477779756088e-01 -9.05906490788566e-01 8.14252788684338e-01
603 -8.19859387224428e-01 -5.72564917873934e-01 8.66904437990038e-01
604 2.44827358261951e-01 9.69566689117605e-01 8.64576436571782e-01
605 -1.54861644096998e-01 9.87936167567305e-01 8.64124273551320e-01
606 5.97542241414659e-01 8.01837433477102e-01 3.11119829555819e+00
607 4.25204120011575e-01 9.05097484432027e-01 3.13629851686898e+00
608 6.46073757209865e-01 -7.63274983374098e-01 2.47942252509502e+00
609 6.53547736845198e-01 -7.56885298882545e-01 1.69850857099961e+00
610 2.36797293248592e-01 9.71559077931003e-01 3.14201275390929e+00
611 6.29253131131381e-01 -7.77200422646149e-01 9.94187638039171e-01
612 2.42401177954361e-01 -9.70176102017741e-01 8.35170395124387e-01
613 7.18874692123278e-01 -6.95139681664529e-01 2.84821918439674e+00
614 -2.49612851426176e-01 9.68345715332543e-01 2.95112905039999e+00
615 -4.37187136343166e-01 8.99370562013268e-01 2.95083010104301e+00
616 -6.08480125470302e-01 7.93569112874012e-01 2.95326633814443e+00
617 -7.55923322111787e-01 6.54660164579669e-01 2.95672027377859e+00
618 -8.72479462727507e-01 4.88650782378091e-01 2.95851619932563e+00
619 -9.53117535805995e-01 3.02600335325503e-01 2.95977852387673e+00
620 -9.94533160813768e-01 1.04421224096326e-01 2.95979975991296e+00
621 -9.95208447517187e-01 -9.77759990510523e-02 2.96012242870072e+00
622 -9.55238587393988e-01 -2.95836510852764e-01 2.95979161874642e+00
623 -8.76317418972588e-01 -4.81734139547139e-01 2.96005537937483e+00
624 -7.61714233742929e-01 -6.47913131610576e-01 2.96067530383328e+00
625 -6.16111788272403e-01 -7.87658723275367e-01 2.96078413365848e+00
626 -4.45396401982477e-01 -8.95333482620338e-01 2.96008999686784e+00
627 -2.56386659972230e-01 -9.66574301638671e-01 2.95866000831255e+00
628 -5.77292697079248e-02 -9.98332275056251e-01 2.95561590373729e+00
629 1.39103214981319e-01 -9.90277888060650e-01 2.95737426188945e+00
630 3.24413361736093e-01 -9.45915414150275e-01 2.96384915730976e+00
631 4.75510924017645e-01 -8.79709816439424e-01 2.99121940829103e+00
632 6.08603019848622e-01 -7.93474866792350e-01 2.93695637328534e+00
633 3.45839202863280e-01 9.38293795014595e-01 1.05516731413470e+00
634 -9.95185280773387e-01 9.80115142827359e-02 1.04108892226181e+00
635 -9.53129833305108e-01 -3.02561598461827e-01 1.04050997284036e+00
636 -5.83929060385177e-02 9.98293678495650e-01 1.03399839134929e+00
637 5.27558922774428e-01 -8.49518441825182e-01 1.42123350985394e+00
638 6.44445569504576e-01 -7.64650186651336e-01 2.69592679633829e+00
639 1.54900332765022e-01 -9.87930102238658e-01 1.01553488732799e+00
640 -9.94550838186466e-01 -1.04252723046442e-01 1.04022884289792e+00
641 -9.54926068476391e-01 2.96843736238822e-01 1.04151263624993e+00
642 1.38806891442872e-01 9.90319467085226e-01 2.96597195030665e+00
643 -5.41034266566381e-02 9.98535336993143e-01 2.95513173543394e+00
644 5.12313063846636e-01 -8.58798768403910e-01 1.78405255391128e+00
645 -6.12669313867547e-01 7.90339364985111e-01 1.04450931278036e+00
646 -6.09331264955077e-01 -7.92915764472019e-01 1.04123685743288e+00
647 5.36072307108039e-01 8.44172068687341e-01 2.76892522809753e+00
648 -8.75109003318413e-01 4.83925854146122e-01 1.04299661428028e+00
649 5.06045157382297e-01 -8.62506984719502e-01 2.17145108563706e+00
650 -2.43705750451789e-01 -9.69849218794721e-01 1.04280091190166e+00
651 5.16818396571568e-01 -8.56095056033612e-01 1.59753427780547e+00
652 5.03945769843597e-01 8.63735295710870e-01 1.16573656991650e+00
653 4.99376786795726e-01 8.66384917233429e-01 1.36429643741787e+00
654 4.94213787331297e-01 8.69340400770409e-01 1.56645577801329e+00
655 4.96726917130144e-01 8.67906890051222e-01 1.76971992891503e+00
656 5.05563070432744e-01 8.62789650966338e-01 1.96973279791448e+00
657 5.17739026193475e-01 8.55538602727096e-01 2.16835648820924e+00
658 5.28582811515276e-01 8.48881741687619e-01 2.36812721711555e+00
659 5.37905937318681e-01 8.43004865108922e-01 2.57029984517587e+00
660 -4.33077034508242e-02 -9.99061781283728e-01 1.03589654282360e+00
661 -7.59295353122302e-01 6.50746161515286e-01 1.04379869241158e+00
662 -4.41504279676199e-01 8.97259143741428e-01 1.04254454378682e+00
663 5.08930404989205e-01 -8.60807668923508e-01 1.97663889449966e+00
664 5.44306838014520e-01 -8.38886205686227e-01 1.26322439936043e+00
665 4.95831276397008e-01 -8.68418876664086e-01 9.48928384641074e-01
666 -7.56854441846082e-01 -6.53583471224491e-01 1.04030119088182e+00
667 1.39295597534560e-01 9.90250845244522e-01 1.03339723151435e+00
668 -2.54047096680860e-01 9.67191848946229e-01 1.03747995791472e+00
669 4.99651429712230e-01 -8.66226557423936e-01 2.57277162893778e+00
670 -8.72820562535577e-01 -4.88041254009412e-01 1.04043521289947e+00
671 3.21331181396818e-01 9.46966880023861e-01 2.98140452192220e+00
672 3.42492860875563e-01 -9.39520430990871e-01 9.86301735315387e-01
673 4.97304956852150e-01 8.67575806422863e-01 2.96313517253279e+00
674 4.76844340029019e-01 -8.78987756104878e-01 1.11621956350179e+00
675 -4.36521750973779e-01 -8.99693703949731e-01 1.04281980602124e+00
676 5.02649733488412e-01 -8.64490165024466e-01 2.37033476727325e+00
677 5.13599473392018e-01 8.58030058291341e-01 9.87579570466385e-01
678 4.59173056755154e-01 -8.88346837642893e-01 2.79430722424076e+00
679 3.40073793628646e-01 -9.40398753129235e-01 2.45642256327529e+00
680 -5.22372983000294e-01 8.52717108208446e-01 2.77370936259989e+00
681 -6.83505539747084e-01 7.29945324757305e-01 2.77930773990914e+00
682 -8.16959970383714e-01 5.76694379017727e-01 2.78385167136275e+00
683 -9.16562844899174e-01 3.99890674247766e-01 2.78602505723301e+00
684 -9.78388579210231e-01 2.06774727834388e-01 2.78654853015625e+00
685 -9.99982583758614e-01 5.90187931487349e-03 2.78610948976497e+00
686 -9.80773522268742e-01 -1.95149424843032e-01 2.78636901272573e+00
687 -9.21603838053848e-01 -3.88131892124851e-01 2.78657490527676e+00
688 -8.25009267718248e-01 -5.65119198204237e-01 2.78657789116738e+00
689 -6.95058080519446e-01 -7.18953590090921e-01 2.78739466871982e+00
690 -5.36754493688930e-01 -8.43738474590759e-01 2.78790556642408e+00
691 -3.56647859349820e-01 -9.34238890445689e-01 2.78728396041717e+00
692 -1.59686838056645e-01 -9.87167723211953e-01 2.78269256341525e+00
693 4.60980928513312e-02 -9.98936917845902e-01 2.77455964283072e+00
694 2.45279668140806e-01 -9.69452363139487e-01 2.78565075482208e+00
695 -1.58404780950486e-01 9.87374258005559e-01 1.20514749664276e+00
696 -5.24222894412486e-01 -8.51581092423849e-01 1.21585113681019e+00
697 -9.99980972696282e-01 -6.16881231664115e-03 1.21468944140415e+00
698 2.06799466664986e-01 9.78383350526304e-01 1.19913454015998e+00
699 -9.80608468145347e-01 1.95977121628101e-01 1.21503665024755e+00
700 2.40035877144270e-01 9.70764017505583e-01 2.80254618324813e+00
701 -6.89820548537952e-01 7.23980393943647e-01 1.22080991449588e+00
702 3.80980836795734e-01 9.24582934081320e-01 2.67318709928829e+00
703 3.96438589245993e-01 -9.18061242486931e-01 1.29995389902418e+00
704 -1.32692681831821e-01 -9.91157228792828e-01 1.22232010855502e+00
705 -9.16649007560837e-01 -3.99693128459487e-01 1.21375533223146e+00
706 -9.20778963654422e-01 3.90084734501990e-01 1.21683340265877e+00
707 3.47412064465076e-01 -9.37712566549107e-01 2.25957992660590e+00
708 3.46754448785302e-01 9.37955943660256e-01 1.28492345700091e+00
709 3.25086060272650e-01 9.45684436488413e-01 1.49277072903524e+00
710 3.24606785491156e-01 9.45849054983457e-01 1.70359269910859e+00
711 3.36154334036991e-01 9.41806914238873e-01 1.90835101494940e+00
712 3.54447112774840e-01 9.35076063347565e-01 2.10606050750609e+00
713 3.77821657076426e-01 9.25878391282583e-01 2.29653696067487e+00
714 3.83627096135032e-01 9.23488089317346e-01 2.49111600317048e+00
715 -8.22333513750377e-01 5.69005792732339e-01 1.21868018385750e+00
716 5.43621220498077e-02 9.98521286546382e-01 2.77827961120518e+00
717 -3.38502278099096e-01 -9.40965572017235e-01 1.21893290690153e+00
718 -5.28752019991895e-01 8.48776355322467e-01 1.22021318327114e+00
719 -1.45402553155994e-01 9.89372577715654e-01 2.77078761954406e+00
720 -9.78343084821589e-01 -2.06989875070682e-01 1.21386379229985e+00
721 -6.85381434196905e-01 -7.28184241561292e-01 1.21441251096476e+00
722 3.51497802420715e-02 9.99382055546793e-01 1.20425848154318e+00
723 -3.47325369491520e-01 9.37744681513886e-01 1.21593997293006e+00
724 2.77226223752815e-01 -9.60804673627140e-01 1.16473663175087e+00
725 3.60115377150298e-01 -9.32907774187727e-01 1.67362902662351e+00
726 3.56649003497890e-01 -9.34238453663711e-01 1.86801132021679e+00
727 3.43333901980564e-01 -9.39213411185552e-01 2.63712182107913e+00
728 3.68409515804326e-01 -9.29663610487590e-01 1.48391819407097e+00
729 -3.40072745004124e-01 9.40399132339753e-01 2.76918598179035e+00
730 3.96986680074259e-01 9.17824370913966e-01 2.83845670244142e+00
731 -8.17534381121249e-01 -5.75879792738638e-01 1.21423248857234e+00
732 7.47291829507034e-02 -9.97203865423475e-01 1.20629212584613e+00
733 3.53165603207699e-01 -9.35560824698716e-01 2.06282248267726e+00
734 -7.52228811730291e-01 6.58901976626899e-01 2.60691652597874e+00
735 -8.69580202640397e-01 4.93791728541382e-01 2.61141053336087e+00
736 -9.51272447127455e-01 3.08351635857739e-01 2.61251182261028e+00
737 -9.93811290828644e-01 1.11081583628902e-01 2.61231886726150e+00
738 -9.95878092790294e-01 -9.07018428719398e-02 2.61233712085677e+00
739 -9.57398513845067e-01 -2.88769952881626e-01 2.61192223826832e+00
740 -8.80041846809093e-01 -4.74896144293509e-01 2.61231302634151e+00
741 -7.67250654366823e-01 -6.41347357812973e-01 2.61332335739650e+00
742 -6.23663863329766e-01 -7.81692641372931e-01 2.61389852382245e+00
743 -4.55824998416236e-01 -8.90069419101026e-01 2.61492295494607e+00
744 -2.69345507925145e-01 -9.63043611349219e-01 2.61473446289074e+00
745 -6.62357734526836e-02 -9.97803999949451e-01 2.60384038331150e+00
746 1.55288164873036e-01 -9.87869214952245e-01 2.57505832235880e+00
747 -7.53098528508283e-01 -6.57907749124951e-01 1.38809675464074e+00
748 -9.57136749309145e-01 2.89636398130349e-01 1.39033978379866e+00
749 2.14319131521925e-01 -9.76763691925374e-01 1.35580572268408e+00
750 -2.43288222195064e-01 9.69954040633455e-01 1.38864680019016e+00
751 -7.61694277995819e-01 6.47936591703561e-01 1.39723028939729e+00
752 -9.93686629469539e-01 -1.12191276013183e-01 1.38821877024652e+00
753 -8.69389686965728e-01 -4.94127081020291e-01 1.38820435492169e+00
754 1.37100275768496e-01 9.90557173707910e-01 1.39876746712721e+00
755 -2.36121720629819e-01 9.71723485898542e-01 2.58355308793388e+00
756 1.77613478749443e-01 -9.84100326270915e-01 2.34849935505049e+00
757 -4.27979016915309e-01 9.03788670586330e-01 2.58703637566088e+00
758 -8.78012823829062e-01 4.78637108038769e-01 1.39322539271716e+00
759 -2.75043796466150e-03 -9.99996217538348e-01 1.42072160975602e+00
760 1.29954868596779e-01 9.91519910101655e-01 1.63037768222443e+00
761 1.45413742419807e-01 9.89370933227506e-01 1.84765898155896e+00
762 1.67904226776128e-01 9.85803312345171e-01 2.05169407637614e+00
763 2.02335542331654e-01 9.79316255511648e-01 2.24218281342790e+00
764 1.90075313632652e-01 9.81769512231587e-01 2.59728813347593e+00
765 -2.36375646816860e-01 -9.71661748548285e-01 1.39736348889712e+00
766 -6.12152772521095e-01 7.90739516588577e-01 1.40040385846129e+00
767 -3.23850882805609e-02 9.99475465460288e-01 2.58902843760075e+00
768 -9.50980649555251e-01 -3.09250390737786e-01 1.38819236320532e+00
769 -6.09458144641647e-02 9.98141076050525e-01 1.35867973183081e+00
770 -4.36390051732127e-01 8.99757591103977e-01 1.39744957334882e+00
771 -4.33750187062043e-01 -9.01033170989638e-01 1.39151020848793e+00
772 -9.95875317096115e-01 9.07323139719925e-02 1.38896257314831e+00
773 -6.02259287235996e-01 7.98300539231930e-01 2.59712558199374e+00
774 1.97185505191013e-01 -9.80366195124335e-01 1.75489874077938e+00
775 -6.06514172357504e-01 -7.95072675124414e-01 1.38928522282410e+00
776 1.86673390055796e-01 -9.82422030211597e-01 2.14673936049326e+00
777 1.94787047860809e-01 -9.80845556642671e-01 1.55364081681889e+00
778 2.44513740548439e-01 9.69645827445780e-01 2.41033587027860e+00
779 -8.13263838415593e-01 5.81895118664468e-01 2.43788666292789e+00
780 -9.13052734951809e-01 4.07841517255197e-01 2.43914766931824e+00
781 -9.76159103090604e-01 2.17056226479103e-01 2.43894626424987e+00
782 -9.99852809575535e-01 1.71568990178375e-02 2.43785327498167e+00
783 -9.82959775781269e-01 -1.83820780098544e-01 2.43787040559312e+00
784 -9.26091761960556e-01 -3.77298354659536e-01 2.43801169192013e+00
785 -8.31841180350099e-01 -5.55013739175666e-01 2.43826498898833e+00
786 -7.04518364454309e-01 -7.09685757322651e-01 2.43924863397617e+00
787 -5.50088231878601e-01 -8.35106542393649e-01 2.44110884329977e+00
788 -3.76238635634551e-01 -9.26522794676878e-01 2.44368088501758e+00
789 -1.91827137567460e-01 -9.81428728585359e-01 2.44702381832360e+00
790 5.76407675881687e-05 -9.99999998338771e-01 2.41962775207036e+00
791 -8.11597886693156e-01 -5.84216458442590e-01 1.56274520224577e+00
792 -5.12846164007207e-01 8.58480525150742e-01 2.40671674647878e+00
793 -9.83087198419871e-01 1.83138090803003e-01 1.56374746491880e+00
794 -8.28374923588475e-01 5.60174067562743e-01 1.57105045537197e+00
795 -6.78482968351196e-01 7.34616132178807e-01 2.42761246641064e+00
796 -9.75575005395315e-01 -2.19666585642723e-01 1.56238453758940e+00
797 -9.12001694375594e-01 -4.10186432559690e-01 1.56217050385243e+00
798 -9.25491803725407e-01 3.78767634885946e-01 1.56648640263079e+00
799 -5.21276200505026e-01 -8.53388025921997e-01 1.56423317608605e+00
800 -9.33202237187064e-02 9.95636146313045e-01 1.56063162342124e+00
801 -5.69766819283220e-02 9.98375509373321e-01 1.79026264736660e+00
802 -4.11985760274325e-02 9.99150978247688e-01 2.00550000857770e+00
803 8.05497381837427e-03 9.99967558172157e-01 2.21238117003391e+00
804 -1.55266327143425e-01 -9.87872647488223e-01 1.57618565443265e+00
805 -6.93360953467680e-01 7.20590444154229e-01 1.57911198702283e+00
806 -3.33971953918847e-01 9.42583011726621e-01 1.57105572160131e+00
807 -5.26198722847491e-01 8.50361631350844e-01 1.58308560079052e+00
808 -3.44939571228744e-01 -9.38624894300450e-01 1.56683760267028e+00
809 -9.99838155625573e-01 -1.79906240928952e-02 1.56290289609190e+00
810 1.92939865165221e-01 -9.81210583121700e-01 1.95231727424208e+00
811 -3.26139636201987e-01 9.45321605432794e-01 2.39092134330500e+00
812 -1.24537513016819e-01 9.92214900035061e-01 2.39394127535218e+00
813 -6.79519951291510e-01 -7.33657028724447e-01 1.56289443218704e+00
814 3.29462780585356e-02 -9.99457124023882e-01 1.64182534704566e+00
815 1.84841018721068e-02 -9.99829154394880e-01 2.22052704988997e+00
816 7.28403440917309e-02 9.97343613942857e-01 2.40814393153699e+00
817 3.68182286768527e-02 -9.99321979162421e-01 1.84160422525579e+00
818 -7.42579137490943e-01 -6.69758332955408e-01 1.73804854496744e+00
819 -8.64712484114279e-01 5.02267179713061e-01 2.26644506375028e+00
820 -9.46540822252116e-01 3.22584053868583e-01 2.26468485264880e+00
821 -9.91784441646120e-01 1.27920370968406e-01 2.26363703067427e+00
822 -9.97287219318897e-01 -7.36084382607177e-02 2.26314046257369e+00
823 -9.62261233140191e-01 -2.72127395158075e-01 2.26264317082660e+00
824 -8.88135825030428e-01 -4.59581066078141e-01 2.26279065342747e+00
825 -7.78570381541868e-01 -6.27557296974348e-01 2.26376293200269e+00
826 -6.38356930243638e-01 -7.69740494978612e-01 2.26490629838937e+00
827 -4.74707289498183e-01 -8.80143732180880e-01 2.26720947551940e+00
828 -2.96804599621053e-01 -9.54938233418155e-01 2.27188920039194e+00
829 -1.29059587157816e-01 -9.91636840260916e-01 2.29091228088993e+00
830 -4.17144450081778e-01 9.08840199246254e-01 2.19170089068689e+00
831 -9.97652276724608e-02 -9.95011004636362e-01 1.74160310221084e+00
832 -9.45000988010502e-01 -3.27067474168825e-01 1.73717412091979e+00
833 -4.31725467813739e-01 -9.02005055662666e-01 1.74140206860787e+00
834 -8.60697898488627e-01 -5.09116025614262e-01 1.73721327023971e+00
835 -5.98221847513032e-01 8.01330531777053e-01 2.23751538215459e+00
836 -9.62577912384688e-01 2.71005096979994e-01 1.73946162161707e+00
837 -5.96666313467450e-01 -8.02489445645961e-01 1.73916681985180e+00
838 -7.49114384160581e-01 6.62440668621510e-01 2.26588625411199e+00
839 -8.87664341127464e-01 4.60491061249559e-01 1.74295579486305e+00
840 -2.40396273309953e-01 9.70674833184979e-01 1.73314228184007e+00
841 -2.81529825850371e-01 9.59552477541828e-01 1.95791238709777e+00
842 -2.04037864194175e-01 9.78962997245085e-01 2.18760733264248e+00
843 -7.73518658913920e-01 6.33773527620088e-01 1.75173400350199e+00
844 -6.19131451851423e-01 7.85287364808800e-01 1.77092768958771e+00
845 -2.60782672568168e-01 -9.65397533500166e-01 1.74224510909491e+00
846 -9.91511103701702e-01 -1.30022041347734e-01 1.73722450560386e+00
847 1.66754528384740e-02 -9.99860954969556e-01 2.03098873758323e+00
848 -4.31302219373403e-01 9.02207512473476e-01 1.77408680741660e+00
849 -9.97451659569591e-01 7.13455452138951e-02 1.73786764961306e+00
850 -9.87575551456036e-01 1.57144933632320e-01 1.91335841209583e+00
851 -9.70755213945161e-01 2.40071478102430e-01 2.08915828803652e+00
852 -9.99164160003365e-01 4.08776389334091e-02 2.08802158139687e+00
853 -9.86948370153052e-01 -1.61036997774531e-01 2.08778921341782e+00
854 -9.34819682427674e-01 -3.55122741240015e-01 2.08751634778296e+00
855 -8.44954371553117e-01 -5.34838396147169e-01 2.08795112066744e+00
856 -7.21027553645238e-01 -6.92906391141230e-01 2.08893111357230e+00
857 -5.69788449193882e-01 -8.21791410982879e-01 2.09095104206977e+00
858 -3.93520127269537e-01 -9.19316000858120e-01 2.09449694685457e+00
859 -1.40951039226773e-01 -9.90016567811313e-01 1.90603804847860e+00
860 -6.61462678193492e-01 -7.49978083251166e-01 1.91412924943251e+00
861 -7.19521182770659e-01 6.94470494365536e-01 1.93301214025496e+00
862 -5.40185395388519e-01 8.41546040694714e-01 1.99566695287488e+00
863 -9.01265652992693e-01 -4.33266918579822e-01 1.91242891184062e+00
864 -9.35795923100888e-01 3.52542182309801e-01 1.91522745110424e+00
865 -7.96949690591433e-01 -6.04045685909782e-01 1.91255696304592e+00
866 -9.69689836941960e-01 -2.44339149813277e-01 1.91238147114308e+00
867 -5.02092002966038e-01 -8.64814211583940e-01 1.91711653003711e+00
868 -8.46336681948556e-01 5.32648308725662e-01 1.92023975441958e+00
869 -8.05399032033456e-01 5.92732991489062e-01 2.09578655624787e+00
870 -3.24607794153506e-01 -9.45848708819119e-01 1.92020730817232e+00
871 -9.99029421991708e-01 -4.40478602762312e-02 1.91238466005771e+00
872 -6.86379251420627e-01 7.27243785273727e-01 2.10445041160406e+00
873 -9.04314268796765e-01 4.26867313401451e-01 2.09150210082858e+00
874 -1.80600456154031e-01 -9.83556543995797e-01 2.10291993165223e+00
397 203 33 2 81 
398 203 34 33 210 
399 203 35 34 211 
400 203 34 210 211 
401 203 36 35 212 
402 203 35 211 212 
403 203 37 36 213 
404 203 36 212 213 
405 203 38 37 214 
406 203 37 213 214 
407 203 39 38 215 
408 203 38 214 215 
409 203 40 39 216 
410 203 39 215 216 
411 203 41 40 217 
412 203 40 216 217 
413 203 42 41 218 
414 203 41 217 218 
415 203 43 42 219 
416 203 42 218 219 
417 203 44 43 220 
418 203 43 219 220 
419 203 45 44 221 
420 203 44 220 221 
421 203 46 45 222 
422 203 45 221 222 
423 203 47 46 223 
424 203 46 222 223 
425 203 48 47 224 
426 203 47 223 224 
427 203 49 48 225 
428 203 48 224 225 
429 203 50 49 226 
430 203 49 225 226 
431 203 51 50 227 
432 203 50 226 227 
433 203 52 51 228 
434 203 51 227 228 
435 203 53 52 229 
436 203 52 228 229 
437 203 54 53 230 
438 203 53 229 230 
439 203 55 54 231 
440 203 54 230 231 
441 203 56 55 232 
442 203 55 231 232 
443 203 57 56 233 
444 203 56 232 233 
445 203 58 57 234 
446 203 57 233 234 
447 203 59 58 235 
448 203 58 234 235 
449 203 60 59 236 
450 203 59 235 236 
451 203 61 60 237 
452 203 60 236 237 
453 203 62 61 238 
454 203 61 237 238 
455 203 2 62 239 
456 203 81 2 239 
457 203 62 238 239 
458 203 1 63 32 
459 203 63 64 240 
460 203 65 66 241 
461 203 67 68 242 
462 203 69 70 243 
463 203 71 72 244 
464 203 73 74 245 
465 203 75 76 246 
466 203 77 78 247 
467 203 79 80 248 
468 203 80 81 249 
469 203 248 80 249 
470 203 81 239 249 
471 203 1 3 63 
472 203 3 4 250 
473 203 5 6 251 
474 203 7 8 252 
475 203 9 10 253 
476 203 11 12 254 
477 203 13 14 255 
478 203 15 16 256 
479 203 17 18 257 
480 203 19 20 258 
481 203 21 22 259 
482 203 23 24 260 
483 203 25 26 261 
484 203 27 28 262 
485 203 29 30 263 
486 203 31 32 264 
487 203 64 63 265 
488 203 65 64 266 
489 203 64 265 266 
490 203 66 65 267 
491 203 65 266 267 
492 203 67 66 268 
493 203 66 267 268 
494 203 68 67 269 
495 203 67 268 269 
496 203 69 68 270 
497 203 68 269 270 
498 203 70 69 271 
499 203 69 270 271 
500 203 71 70 272 
501 203 70 271 272 
502 203 72 71 273 
503 203 71 272 273 
504 203 73 72 274 
505 203 72 273 274 
506 203 74 73 275 
507 203 73 274 275 
508 203 75 74 276 
509 203 74 275 276 
510 203 76 75 277 
511 203 75 276 277 
512 203 77 76 278 
513 203 76 277 278 
514 203 78 77 279 
515 203 77 278 279 
516 203 79 78 280 
517 203 78 279 280 
518 203 80 79 281 
519 203 79 280 281 
520 203 81 80 282 
521 203 80 281 282 
522 203 63 3 265 
523 203 242 68 283 
524 203 68 69 283 
525 203 64 65 284 
526 203 66 67 285 
527 203 69 243 283 
528 203 64 284 240 
529 203 70 71 286 
530 203 72 73 287 
531 203 74 75 288 
532 203 76 77 289 
533 203 78 79 290 
534 203 252 8 291 
535 203 8 9 291 
536 203 241 66 285 
537 203 250 4 292 
538 203 4 5 292 
539 203 5 251 292 
540 203 6 7 293 
541 203 9 253 291 
542 203 10 11 294 
543 203 12 13 295 
544 203 14 15 296 
545 203 16 17 297 
546 203 18 19 298 
547 203 20 21 299 
548 203 22 23 300 
549 203 24 25 301 
550 203 26 27 302 
551 203 28 29 303 
552 203 30 31 304 
553 203 285 67 242 
554 203 32 63 240 
555 203 33 81 282 
556 203 243 70 286 
557 203 244 72 287 
558 203 245 74 288 
559 203 246 76 289 
560 203 247 78 290 
561 203 251 6 293 
562 203 253 10 294 
563 203 254 12 295 
564 203 255 14 296 
565 203 256 16 297 
566 203 257 18 298 
567 203 258 20 299 
568 203 259 22 300 
569 203 260 24 301 
570 203 261 26 302 
571 203 262 28 303 
572 203 263 30 304 
573 203 288 75 246 
574 203 289 77 247 
575 203 290 79 248 
576 203 297 17 257 
577 203 298 19 258 
578 203 299 21 259 
579 203 300 23 260 
580 203 301 25 261 
581 203 302 27 262 
582 203 303 29 263 
583 203 304 31 264 
584 203 284 65 241 
585 203 287 73 245 
586 203 286 71 244 
587 203 296 15 256 
588 203 295 13 255 
589 203 293 7 252 
590 203 294 11 254 
591 203 210 33 282 
592 203 240 284 305 
593 203 212 211 306 
594 203 213 212 307 
595 203 212 306 307 
596 203 214 213 308 
597 203 213 307 308 
598 203 215 214 309 
599 203 214 308 309 
600 203 216 215 310 
601 203 215 309 310 
602 203 217 216 311 
603 203 216 310 311 
604 203 218 217 312 
605 203 217 311 312 
606 203 219 218 313 
607 203 218 312 313 
608 203 220 219 314 
609 203 219 313 314 
610 203 221 220 315 
611 203 220 314 315 
612 203 222 221 316 
613 203 221 315 316 
614 203 223 222 317 
615 203 222 316 317 
616 203 224 223 318 
617 203 223 317 318 
618 203 225 224 319 
619 203 224 318 319 
620 203 226 225 320 
621 203 225 319 320 
622 203 227 226 321 
623 203 226 320 321 
624 203 228 227 322 
625 203 227 321 322 
626 203 229 228 323 
627 203 228 322 323 
628 203 230 229 324 
629 203 229 323 324 
630 203 231 230 325 
631 203 230 324 325 
632 203 232 231 326 
633 203 231 325 326 
634 203 233 232 327 
635 203 232 326 327 
636 203 234 233 328 
637 203 233 327 328 
638 203 235 234 329 
639 203 234 328 329 
640 203 236 235 330 
641 203 235 329 330 
642 203 237 236 331 
643 203 236 330 331 
644 203 238 237 332 
645 203 237 331 332 
646 203 239 238 249 
647 203 244 287 333 
648 203 250 292 334 
649 203 32 240 264 
650 203 283 243 335 
651 203 296 256 336 
652 203 245 288 337 
653 203 286 244 338 
654 203 244 333 338 
655 203 246 289 339 
656 203 247 290 340 
657 203 251 293 341 
658 203 297 257 342 
659 203 252 291 343 
660 203 253 294 344 
661 203 292 251 345 
662 203 251 341 345 
663 203 291 253 346 
664 203 253 344 346 
665 203 241 285 347 
666 203 210 282 348 
667 203 255 296 349 
668 203 296 336 349 
669 203 293 252 350 
670 203 252 343 350 
671 203 256 297 351 
672 203 297 342 351 
673 203 295 255 352 
674 203 255 349 352 
675 203 298 258 353 
676 203 299 259 354 
677 203 300 260 355 
678 203 301 261 356 
679 203 302 262 357 
680 203 303 263 358 
681 203 288 246 359 
682 203 246 339 359 
683 203 284 241 360 
684 203 241 347 360 
685 203 265 3 250 
686 203 243 286 361 
687 203 286 338 361 
688 203 267 266 362 
689 203 268 267 363 
690 203 267 362 363 
691 203 269 268 364 
692 203 268 363 364 
693 203 270 269 365 
694 203 269 364 365 
695 203 271 270 366 
696 203 270 365 366 
697 203 272 271 367 
698 203 271 366 367 
699 203 273 272 368 
700 203 272 367 368 
701 203 274 273 369 
702 203 273 368 369 
703 203 275 274 370 
704 203 274 369 370 
705 203 276 275 371 
706 203 275 370 371 
707 203 277 276 372 
708 203 276 371 372 
709 203 278 277 373 
710 203 277 372 373 
711 203 279 278 374 
712 203 278 373 374 
713 203 280 279 375 
714 203 279 374 375 
715 203 281 280 376 
716 203 280 375 376 
717 203 282 281 348 
718 203 211 210 348 
719 203 242 283 377 
720 203 283 335 377 
721 203 254 295 378 
722 203 295 352 378 
723 203 264 240 305 
724 203 265 250 334 
725 203 305 284 360 
726 203 238 332 249 
727 203 334 292 345 
728 203 341 293 350 
729 203 287 245 379 
730 203 335 243 361 
731 203 287 379 333 
732 203 340 290 380 
733 203 290 248 380 
734 203 245 337 379 
735 203 281 376 348 
736 203 339 289 381 
737 203 289 247 381 
738 203 247 340 381 
739 203 291 346 343 
740 203 264 305 304 
741 203 256 351 336 
742 203 248 249 332 
743 203 337 288 359 
744 203 248 332 380 
745 203 294 254 382 
746 203 306 211 348 
747 203 353 258 383 
748 203 258 299 383 
749 203 257 298 384 
750 203 299 354 383 
751 203 257 384 342 
752 203 259 300 385 
753 203 260 301 386 
754 203 261 302 387 
755 203 262 303 388 
756 203 263 304 389 
757 203 285 242 390 
758 203 265 334 266 
759 203 362 266 334 
760 203 254 378 382 
761 203 358 263 389 
762 203 357 262 388 
763 203 356 261 387 
764 203 355 260 386 
765 203 354 259 385 
766 203 344 294 382 
767 203 304 305 389 
768 203 390 242 377 
769 203 388 303 358 
770 203 387 302 357 
771 203 384 298 353 
772 203 386 301 356 
773 203 385 300 355 
774 203 285 390 347 
775 203 308 307 391 
776 203 309 308 392 
777 203 308 391 392 
778 203 310 309 393 
779 203 309 392 393 
780 203 311 310 394 
781 203 310 393 394 
782 203 312 311 395 
783 203 311 394 395 
784 203 313 312 396 
785 203 312 395 396 
786 203 314 313 397 
787 203 313 396 397 
788 203 315 314 398 
789 203 314 397 398 
790 203 316 315 399 
791 203 315 398 399 
792 203 317 316 400 
793 203 316 399 400 
794 203 318 317 401 
795 203 317 400 401 
796 203 319 318 402 
797 203 318 401 402 
798 203 320 319 403 
799 203 319 402 403 
800 203 321 320 404 
801 203 320 403 404 
802 203 322 321 405 
803 203 321 404 405 
804 203 323 322 406 
805 203 322 405 406 
806 203 324 323 407 
807 203 323 406 407 
808 203 325 324 408 
809 203 324 407 408 
810 203 326 325 409 
811 203 325 408 409 
812 203 327 326 410 
813 203 326 409 410 
814 203 328 327 411 
815 203 327 410 411 
816 203 329 328 412 
817 203 328 411 412 
818 203 330 329 413 
819 203 329 412 413 
820 203 331 330 414 
821 203 330 413 414 
822 203 332 331 415 
823 203 380 332 415 
824 203 331 414 415 
825 203 340 380 416 
826 203 380 415 416 
827 203 348 376 306 
828 203 335 361 417 
829 203 389 305 418 
830 203 305 360 418 
831 203 338 333 419 
832 203 343 346 420 
833 203 381 340 421 
834 203 340 416 421 
835 203 379 337 422 
836 203 390 377 423 
837 203 341 350 424 
838 203 358 389 418 
839 203 306 376 425 
840 203 342 384 426 
841 203 388 358 427 
842 203 386 356 428 
843 203 350 343 429 
844 203 343 420 429 
845 203 351 342 430 
846 203 342 426 430 
847 203 352 349 431 
848 203 383 354 432 
849 203 347 390 433 
850 203 390 423 433 
851 203 385 355 434 
852 203 355 386 435 
853 203 386 428 435 
854 203 387 357 436 
855 203 357 388 437 
856 203 388 427 437 
857 203 336 351 438 
858 203 351 430 438 
859 203 360 347 439 
860 203 418 360 439 
861 203 347 433 439 
862 203 363 362 440 
863 203 382 378 441 
864 203 361 338 442 
865 203 338 419 442 
866 203 333 379 443 
867 203 379 422 443 
868 203 339 381 444 
869 203 381 421 444 
870 203 364 363 445 
871 203 363 440 445 
872 203 365 364 446 
873 203 364 445 446 
874 203 366 365 447 
875 203 365 446 447 
876 203 367 366 448 
877 203 366 447 448 
878 203 368 367 449 
879 203 367 448 449 
880 203 369 368 450 
881 203 368 449 450 
882 203 370 369 451 
883 203 369 450 451 
884 203 371 370 452 
885 203 370 451 452 
886 203 372 371 453 
887 203 371 452 453 
888 203 373 372 454 
889 203 372 453 454 
890 203 374 373 455 
891 203 373 454 455 
892 203 375 374 456 
893 203 374 455 456 
894 203 376 375 457 
895 203 425 376 457 
896 203 375 456 457 
897 203 377 335 458 
898 203 335 417 458 
899 203 359 339 459 
900 203 339 444 459 
901 203 378 352 460 
902 203 352 431 460 
903 203 362 334 461 
904 203 440 362 461 
905 203 334 345 461 
906 203 349 336 462 
907 203 336 438 462 
908 203 353 383 463 
909 203 383 432 463 
910 203 345 341 464 
911 203 461 345 464 
912 203 341 424 464 
913 203 344 382 465 
914 203 382 441 465 
915 203 349 462 431 
916 203 378 460 441 
917 203 420 346 466 
918 203 346 344 466 
919 203 417 361 442 
920 203 333 443 419 
921 203 306 425 307 
922 203 307 425 391 
923 203 427 358 418 
924 203 344 465 466 
925 203 426 384 467 
926 203 384 353 467 
927 203 424 350 429 
928 203 353 463 467 
929 203 423 377 458 
930 203 434 355 435 
931 203 354 385 468 
932 203 354 468 432 
933 203 436 357 437 
934 203 356 387 469 
935 203 356 469 428 
936 203 337 359 470 
937 203 337 470 422 
938 203 468 385 434 
939 203 469 387 436 
940 203 470 359 459 
941 203 426 467 471 
942 203 393 392 472 
943 203 394 393 473 
944 203 393 472 473 
945 203 395 394 474 
946 203 394 473 474 
947 203 396 395 475 
948 203 395 474 475 
949 203 397 396 476 
950 203 396 475 476 
951 203 398 397 477 
952 203 397 476 477 
953 203 399 398 478 
954 203 398 477 478 
955 203 400 399 479 
956 203 399 478 479 
957 203 401 400 480 
958 203 400 479 480 
959 203 402 401 481 
960 203 401 480 481 
961 203 403 402 482 
962 203 402 481 482 
963 203 404 403 483 
964 203 403 482 483 
965 203 405 404 484 
966 203 404 483 484 
967 203 406 405 485 
968 203 405 484 485 
969 203 407 406 486 
970 203 406 485 486 
971 203 408 407 487 
972 203 407 486 487 
973 203 409 408 488 
974 203 408 487 488 
975 203 410 409 489 
976 203 409 488 489 
977 203 411 410 490 
978 203 410 489 490 
979 203 412 411 491 
980 203 411 490 491 
981 203 413 412 492 
982 203 412 491 492 
983 203 414 413 493 
984 203 413 492 493 
985 203 415 414 494 
986 203 416 415 494 
987 203 414 493 494 
988 203 462 438 495 
989 203 468 434 496 
990 203 469 436 497 
991 203 423 458 498 
992 203 466 465 499 
993 203 391 425 500 
994 203 417 442 501 
995 203 440 461 502 
996 203 461 464 502 
997 203 470 459 503 
998 203 430 426 504 
999 203 426 471 504 
1000 203 441 460 505 
1001 203 421 416 506 
1002 203 416 494 506 
1003 203 392 391 507 
1004 203 472 392 507 
1005 203 391 500 507 
1006 203 432 468 508 
1007 203 468 496 508 
1008 203 424 429 509 
1009 203 428 469 510 
1010 203 469 497 510 
1011 203 438 430 511 
1012 203 430 504 511 
1013 203 427 418 512 
1014 203 420 466 513 
1015 203 466 499 513 
1016 203 431 462 514 
1017 203 462 495 514 
1018 203 419 443 515 
1019 203 444 421 516 
1020 203 421 506 516 
1021 203 445 440 517 
1022 203 440 502 517 
1023 203 446 445 518 
1024 203 445 517 518 
1025 203 447 446 519 
1026 203 446 518 519 
1027 203 448 447 520 
1028 203 447 519 520 
1029 203 449 448 521 
1030 203 448 520 521 
1031 203 450 449 522 
1032 203 449 521 522 
1033 203 451 450 523 
1034 203 450 522 523 
1035 203 452 451 524 
1036 203 451 523 524 
1037 203 453 452 525 
1038 203 452 524 525 
1039 203 454 453 526 
1040 203 453 525 526 
1041 203 455 454 527 
1042 203 454 526 527 
1043 203 456 455 527 
1044 203 459 444 528 
1045 203 503 459 528 
1046 203 444 516 528 
1047 203 422 470 529 
1048 203 470 503 529 
1049 203 460 431 530 
1050 203 431 514 530 
1051 203 465 441 531 
1052 203 441 505 531 
1053 203 442 419 532 
1054 203 419 515 532 
1055 203 437 427 533 
1056 203 435 428 534 
1057 203 428 510 534 
1058 203 433 423 535 
1059 203 423 498 535 
1060 203 436 437 536 
1061 203 437 533 536 
1062 203 463 432 537 
1063 203 432 508 537 
1064 203 429 420 538 
1065 203 420 513 538 
1066 203 496 434 539 
1067 203 434 435 539 
1068 203 418 439 512 
1069 203 425 457 500 
1070 203 438 511 495 
1071 203 436 536 497 
1072 203 465 531 499 
1073 203 501 442 532 
1074 203 429 538 509 
1075 203 458 417 540 
1076 203 417 501 540 
1077 203 456 527 541 
1078 203 427 512 533 
1079 203 467 463 542 
1080 203 505 460 530 
1081 203 458 540 498 
1082 203 471 467 542 
1083 203 439 433 543 
1084 203 512 439 543 
1085 203 433 535 543 
1086 203 443 422 544 
1087 203 457 456 541 
1088 203 435 534 539 
1089 203 464 424 545 
1090 203 502 464 545 
1091 203 424 509 545 
1092 203 542 463 537 
1093 203 544 422 529 
1094 203 443 544 515 
1095 203 544 529 546 
1096 203 474 473 547 
1097 203 475 474 548 
1098 203 474 547 548 
1099 203 476 475 549 
1100 203 475 548 549 
1101 203 477 476 550 
1102 203 476 549 550 
1103 203 478 477 551 
1104 203 477 550 551 
1105 203 479 478 552 
1106 203 478 551 552 
1107 203 480 479 553 
1108 203 479 552 553 
1109 203 481 480 554 
1110 203 480 553 554 
1111 203 482 481 555 
1112 203 481 554 555 
1113 203 483 482 556 
1114 203 482 555 556 
1115 203 484 483 557 
1116 203 483 556 557 
1117 203 485 484 558 
1118 203 484 557 558 
1119 203 486 485 559 
1120 203 485 558 559 
1121 203 487 486 560 
1122 203 486 559 560 
1123 203 488 487 561 
1124 203 487 560 561 
1125 203 489 488 562 
1126 203 488 561 562 
1127 203 490 489 563 
1128 203 489 562 563 
1129 203 491 490 564 
1130 203 490 563 564 
1131 203 492 491 565 
1132 203 491 564 565 
1133 203 493 492 566 
1134 203 492 565 566 
1135 203 494 493 567 
1136 203 506 494 567 
1137 203 493 566 567 
1138 203 542 537 568 
1139 203 516 506 569 
1140 203 506 567 569 
1141 203 513 499 570 
1142 203 504 471 571 
1143 203 539 534 572 
1144 203 540 501 573 
1145 203 541 527 574 
1146 203 533 512 575 
1147 203 512 543 575 
1148 203 509 538 576 
1149 203 495 511 577 
1150 203 505 530 578 
1151 203 498 540 579 
1152 203 540 573 579 
1153 203 510 497 580 
1154 203 471 542 581 
1155 203 542 568 581 
1156 203 508 496 582 
1157 203 511 504 583 
1158 203 504 571 583 
1159 203 500 457 541 
1160 203 496 539 584 
1161 203 539 572 584 
1162 203 514 495 585 
1163 203 495 577 585 
1164 203 515 544 586 
1165 203 544 546 586 
1166 203 517 502 587 
1167 203 502 545 587 
1168 203 518 517 588 
1169 203 517 587 588 
1170 203 519 518 589 
1171 203 518 588 589 
1172 203 520 519 590 
1173 203 519 589 590 
1174 203 521 520 591 
1175 203 520 590 591 
1176 203 522 521 592 
1177 203 521 591 592 
1178 203 523 522 593 
1179 203 522 592 593 
1180 203 524 523 594 
1181 203 523 593 594 
1182 203 525 524 595 
1183 203 524 594 595 
1184 203 526 525 596 
1185 203 525 595 596 
1186 203 527 526 596 
1187 203 534 510 597 
1188 203 510 580 597 
1189 203 530 514 598 
1190 203 514 585 598 
1191 203 531 505 599 
1192 203 505 578 599 
1193 203 532 515 600 
1194 203 515 586 600 
1195 203 535 498 601 
1196 203 498 579 601 
1197 203 536 533 602 
1198 203 533 575 602 
1199 203 537 508 603 
1200 203 508 582 603 
1201 203 538 513 604 
1202 203 513 570 604 
1203 203 499 531 605 
1204 203 531 599 605 
1205 203 500 541 606 
1206 203 507 500 606 
1207 203 541 574 606 
1208 203 472 507 607 
1209 203 507 606 607 
1210 203 499 605 570 
1211 203 538 604 576 
1212 203 568 537 603 
1213 203 571 471 581 
1214 203 578 530 598 
1215 203 529 503 608 
1216 203 577 511 583 
1217 203 501 532 609 
1218 203 473 472 610 
1219 203 582 496 584 
1220 203 501 609 573 
1221 203 546 529 608 
1222 203 543 535 611 
1223 203 575 543 611 
1224 203 535 601 611 
1225 203 497 536 612 
1226 203 574 527 596 
1227 203 528 516 613 
1228 203 516 569 613 
1229 203 545 509 587 
1230 203 572 534 597 
1231 203 587 509 576 
1232 203 610 472 607 
1233 203 497 612 580 
1234 203 609 532 600 
1235 203 473 610 547 
1236 203 612 536 602 
1237 203 549 548 614 
1238 203 550 549 615 
1239 203 549 614 615 
1240 203 551 550 616 
1241 203 550 615 616 
1242 203 552 551 617 
1243 203 551 616 617 
1244 203 553 552 618 
1245 203 552 617 618 
1246 203 554 553 619 
1247 203 553 618 619 
1248 203 555 554 620 
1249 203 554 619 620 
1250 203 556 555 621 
1251 203 555 620 621 
1252 203 557 556 622 
1253 203 556 621 622 
1254 203 558 557 623 
1255 203 557 622 623 
1256 203 559 558 624 
1257 203 558 623 624 
1258 203 560 559 625 
1259 203 559 624 625 
1260 203 561 560 626 
1261 203 560 625 626 
1262 203 562 561 627 
1263 203 561 626 627 
1264 203 563 562 628 
1265 203 562 627 628 
1266 203 564 563 629 
1267 203 563 628 629 
1268 203 565 564 630 
1269 203 564 629 630 
1270 203 566 565 631 
1271 203 565 630 631 
1272 203 567 566 632 
1273 203 569 567 632 
1274 203 566 631 632 
1275 203 576 604 633 
1276 203 583 571 634 
1277 203 581 568 635 
1278 203 570 605 636 
1279 203 579 573 637 
1280 203 608 503 638 
1281 203 580 612 639 
1282 203 571 581 640 
1283 203 581 635 640 
1284 203 577 583 641 
1285 203 583 634 641 
1286 203 547 610 642 
1287 203 548 547 643 
1288 203 547 642 643 
1289 203 503 528 638 
1290 203 609 600 644 
1291 203 578 598 645 
1292 203 582 584 646 
1293 203 574 596 647 
1294 203 585 577 648 
1295 203 577 641 648 
1296 203 586 546 649 
1297 203 572 597 650 
1298 203 573 609 651 
1299 203 637 573 651 
1300 203 609 644 651 
1301 203 589 588 652 
1302 203 590 589 653 
1303 203 589 652 653 
1304 203 591 590 654 
1305 203 590 653 654 
1306 203 592 591 655 
1307 203 591 654 655 
1308 203 593 592 656 
1309 203 592 655 656 
1310 203 594 593 657 
1311 203 593 656 657 
1312 203 595 594 658 
1313 203 594 657 658 
1314 203 596 595 659 
1315 203 595 658 659 
1316 203 597 580 660 
1317 203 580 639 660 
1318 203 598 585 661 
1319 203 585 648 661 
1320 203 599 578 662 
1321 203 578 645 662 
1322 203 600 586 663 
1323 203 644 600 663 
1324 203 586 649 663 
1325 203 601 579 664 
1326 203 579 637 664 
1327 203 602 575 665 
1328 203 575 611 665 
1329 203 603 582 666 
1330 203 582 646 666 
1331 203 604 570 667 
1332 203 570 636 667 
1333 203 605 599 668 
1334 203 599 662 668 
1335 203 608 638 669 
1336 203 634 571 640 
1337 203 633 604 667 
1338 203 597 660 650 
1339 203 605 668 636 
1340 203 598 661 645 
1341 203 568 603 670 
1342 203 642 610 671 
1343 203 610 607 671 
1344 203 548 643 614 
1345 203 568 670 635 
1346 203 612 602 672 
1347 203 607 606 673 
1348 203 671 607 673 
1349 203 606 574 673 
1350 203 574 647 673 
1351 203 647 596 659 
1352 203 611 601 674 
1353 203 665 611 674 
1354 203 601 664 674 
1355 203 646 584 675 
1356 203 584 572 675 
1357 203 649 546 676 
1358 203 546 608 676 
1359 203 572 650 675 
1360 203 588 587 677 
1361 203 588 677 652 
1362 203 669 638 678 
1363 203 639 612 672 
1364 203 587 576 677 
1365 203 670 603 666 
1366 203 677 576 633 
1367 203 676 608 669 
1368 203 676 669 679 
1369 203 616 615 680 
1370 203 617 616 681 
1371 203 616 680 681 
1372 203 618 617 682 
1373 203 617 681 682 
1374 203 619 618 683 
1375 203 618 682 683 
1376 203 620 619 684 
1377 203 619 683 684 
1378 203 621 620 685 
1379 203 620 684 685 
1380 203 622 621 686 
1381 203 621 685 686 
1382 203 623 622 687 
1383 203 622 686 687 
1384 203 624 623 688 
1385 203 623 687 688 
1386 203 625 624 689 
1387 203 624 688 689 
1388 203 626 625 690 
1389 203 625 689 690 
1390 203 627 626 691 
1391 203 626 690 691 
1392 203 628 627 692 
1393 203 627 691 692 
1394 203 629 628 693 
1395 203 628 692 693 
1396 203 630 629 694 
1397 203 629 693 694 
1398 203 631 630 678 
1399 203 632 631 678 
1400 203 638 528 613 
1401 203 636 668 695 
1402 203 646 675 696 
1403 203 602 665 672 
1404 203 634 640 697 
1405 203 677 633 652 
1406 203 633 667 698 
1407 203 641 634 699 
1408 203 634 697 699 
1409 203 642 671 700 
1410 203 645 661 701 
1411 203 647 659 702 
1412 203 569 632 613 
1413 203 664 637 703 
1414 203 650 660 704 
1415 203 635 670 705 
1416 203 648 641 706 
1417 203 641 699 706 
1418 203 649 676 707 
1419 203 676 679 707 
1420 203 653 652 708 
1421 203 654 653 709 
1422 203 653 708 709 
1423 203 655 654 710 
1424 203 654 709 710 
1425 203 656 655 711 
1426 203 655 710 711 
1427 203 657 656 712 
1428 203 656 711 712 
1429 203 658 657 713 
1430 203 657 712 713 
1431 203 659 658 714 
1432 203 702 659 714 
1433 203 658 713 714 
1434 203 661 648 715 
1435 203 648 706 715 
1436 203 643 642 716 
1437 203 642 700 716 
1438 203 675 650 717 
1439 203 650 704 717 
1440 203 662 645 718 
1441 203 645 701 718 
1442 203 678 638 632 
1443 203 614 643 719 
1444 203 643 716 719 
1445 203 640 635 720 
1446 203 635 705 720 
1447 203 666 646 721 
1448 203 646 696 721 
1449 203 667 636 722 
1450 203 636 695 722 
1451 203 668 662 723 
1452 203 662 718 723 
1453 203 639 672 724 
1454 203 678 630 694 
1455 203 672 665 674 
1456 203 651 644 725 
1457 203 672 674 724 
1458 203 696 675 717 
1459 203 695 668 723 
1460 203 667 722 698 
1461 203 725 644 726 
1462 203 644 663 726 
1463 203 697 640 720 
1464 203 652 633 708 
1465 203 669 678 727 
1466 203 703 637 728 
1467 203 637 651 728 
1468 203 615 614 729 
1469 203 671 673 730 
1470 203 705 670 731 
1471 203 670 666 731 
1472 203 708 633 698 
1473 203 704 660 732 
1474 203 660 639 732 
1475 203 679 669 727 
1476 203 615 729 680 
1477 203 661 715 701 
1478 203 663 649 733 
1479 203 726 663 733 
1480 203 649 707 733 
1481 203 678 694 727 
1482 203 673 647 730 
1483 203 731 666 721 
1484 203 729 614 719 
1485 203 671 730 700 
1486 203 732 639 724 
1487 203 724 674 703 
1488 203 638 613 632 
1489 203 682 681 734 
1490 203 683 682 735 
1491 203 682 734 735 
1492 203 684 683 736 
1493 203 683 735 736 
1494 203 685 684 737 
1495 203 684 736 737 
1496 203 686 685 738 
1497 203 685 737 738 
1498 203 687 686 739 
1499 203 686 738 739 
1500 203 688 687 740 
1501 203 687 739 740 
1502 203 689 688 741 
1503 203 688 740 741 
1504 203 690 689 742 
1505 203 689 741 742 
1506 203 691 690 743 
1507 203 690 742 743 
1508 203 692 691 744 
1509 203 691 743 744 
1510 203 693 692 745 
1511 203 692 744 745 
1512 203 694 693 746 
1513 203 727 694 746 
1514 203 693 745 746 
1515 203 731 721 747 
1516 203 706 699 748 
1517 203 732 724 749 
1518 203 724 703 749 
1519 203 695 723 750 
1520 203 701 715 751 
1521 203 697 720 752 
1522 203 705 731 753 
1523 203 731 747 753 
1524 203 709 708 754 
1525 203 708 698 754 
1526 203 729 719 755 
1527 203 707 679 756 
1528 203 674 664 703 
1529 203 680 729 757 
1530 203 729 755 757 
1531 203 715 706 758 
1532 203 706 748 758 
1533 203 698 722 754 
1534 203 704 732 759 
1535 203 651 725 728 
1536 203 710 709 760 
1537 203 709 754 760 
1538 203 711 710 761 
1539 203 710 760 761 
1540 203 712 711 762 
1541 203 711 761 762 
1542 203 713 712 763 
1543 203 712 762 763 
1544 203 679 727 746 
1545 203 716 700 764 
1546 203 717 704 765 
1547 203 704 759 765 
1548 203 718 701 766 
1549 203 701 751 766 
1550 203 719 716 767 
1551 203 755 719 767 
1552 203 716 764 767 
1553 203 720 705 768 
1554 203 705 753 768 
1555 203 722 695 769 
1556 203 695 750 769 
1557 203 723 718 770 
1558 203 718 766 770 
1559 203 696 717 771 
1560 203 717 765 771 
1561 203 699 697 772 
1562 203 697 752 772 
1563 203 749 703 728 
1564 203 748 699 772 
1565 203 754 722 769 
1566 203 732 749 759 
1567 203 679 746 756 
1568 203 730 647 702 
1569 203 681 680 773 
1570 203 725 726 774 
1571 203 747 721 775 
1572 203 721 696 775 
1573 203 750 723 770 
1574 203 720 768 752 
1575 203 681 773 734 
1576 203 751 715 758 
1577 203 696 771 775 
1578 203 680 757 773 
1579 203 733 707 776 
1580 203 707 756 776 
1581 203 728 725 777 
1582 203 725 774 777 
1583 203 714 713 778 
1584 203 713 763 778 
1585 203 730 702 700 
1586 203 700 702 764 
1587 203 764 702 714 
1588 203 735 734 779 
1589 203 736 735 780 
1590 203 735 779 780 
1591 203 737 736 781 
1592 203 736 780 781 
1593 203 738 737 782 
1594 203 737 781 782 
1595 203 739 738 783 
1596 203 738 782 783 
1597 203 740 739 784 
1598 203 739 783 784 
1599 203 741 740 785 
1600 203 740 784 785 
1601 203 742 741 786 
1602 203 741 785 786 
1603 203 743 742 787 
1604 203 742 786 787 
1605 203 744 743 788 
1606 203 743 787 788 
1607 203 745 744 789 
1608 203 744 788 789 
1609 203 746 745 790 
1610 203 756 746 790 
1611 203 745 789 790 
1612 203 753 747 791 
1613 203 773 757 792 
1614 203 748 772 793 
1615 203 751 758 794 
1616 203 734 773 795 
1617 203 773 792 795 
1618 203 749 728 777 
1619 203 752 768 796 
1620 203 759 749 777 
1621 203 768 753 797 
1622 203 753 791 797 
1623 203 758 748 798 
1624 203 748 793 798 
1625 203 775 771 799 
1626 203 760 754 800 
1627 203 754 769 800 
1628 203 761 760 801 
1629 203 760 800 801 
1630 203 762 761 802 
1631 203 761 801 802 
1632 203 763 762 803 
1633 203 762 802 803 
1634 203 765 759 804 
1635 203 764 714 778 
1636 203 766 751 805 
1637 203 751 794 805 
1638 203 769 750 800 
1639 203 750 770 806 
1640 203 770 766 807 
1641 203 766 805 807 
1642 203 771 765 808 
1643 203 765 804 808 
1644 203 772 752 809 
1645 203 752 796 809 
1646 203 726 733 810 
1647 203 774 726 810 
1648 203 733 776 810 
1649 203 792 757 811 
1650 203 757 755 811 
1651 203 779 734 795 
1652 203 768 797 796 
1653 203 811 755 812 
1654 203 755 767 812 
1655 203 800 750 806 
1656 203 771 808 799 
1657 203 747 775 813 
1658 203 759 777 814 
1659 203 804 759 814 
1660 203 777 774 814 
1661 203 776 756 815 
1662 203 756 790 815 
1663 203 747 813 791 
1664 203 758 798 794 
1665 203 772 809 793 
1666 203 778 763 816 
1667 203 764 778 816 
1668 203 763 803 816 
1669 203 767 764 816 
1670 203 806 770 807 
1671 203 814 774 817 
1672 203 774 810 817 
1673 203 813 775 799 
1674 203 791 813 818 
1675 203 780 779 819 
1676 203 781 780 820 
1677 203 780 819 820 
1678 203 782 781 821 
1679 203 781 820 821 
1680 203 783 782 822 
1681 203 782 821 822 
1682 203 784 783 823 
1683 203 783 822 823 
1684 203 785 784 824 
1685 203 784 823 824 
1686 203 786 785 825 
1687 203 785 824 825 
1688 203 787 786 826 
1689 203 786 825 826 
1690 203 788 787 827 
1691 203 787 826 827 
1692 203 789 788 828 
1693 203 788 827 828 
1694 203 790 789 829 
1695 203 815 790 829 
1696 203 789 828 829 
1697 203 792 811 830 
1698 203 804 814 831 
1699 203 814 817 831 
1700 203 796 797 832 
1701 203 799 808 833 
1702 203 797 791 834 
1703 203 791 818 834 
1704 203 795 792 835 
1705 203 792 830 835 
1706 203 798 793 836 
1707 203 813 799 837 
1708 203 799 833 837 
1709 203 779 795 838 
1710 203 819 779 838 
1711 203 795 835 838 
1712 203 816 803 812 
1713 203 794 798 839 
1714 203 798 836 839 
1715 203 801 800 840 
1716 203 800 806 840 
1717 203 802 801 841 
1718 203 801 840 841 
1719 203 803 802 842 
1720 203 812 803 842 
1721 203 802 841 842 
1722 203 805 794 843 
1723 203 794 839 843 
1724 203 767 816 812 
1725 203 807 805 844 
1726 203 805 843 844 
1727 203 808 804 845 
1728 203 833 808 845 
1729 203 804 831 845 
1730 203 809 796 846 
1731 203 796 832 846 
1732 203 810 776 847 
1733 203 817 810 847 
1734 203 776 815 847 
1735 203 806 807 848 
1736 203 840 806 848 
1737 203 807 844 848 
1738 203 818 813 837 
1739 203 832 797 834 
1740 203 811 812 842 
1741 203 836 793 849 
1742 203 793 809 849 
1743 203 830 811 842 
1744 203 849 809 846 
1745 203 836 849 850 
1746 203 821 820 851 
1747 203 822 821 852 
1748 203 821 851 852 
1749 203 823 822 853 
1750 203 822 852 853 
1751 203 824 823 854 
1752 203 823 853 854 
1753 203 825 824 855 
1754 203 824 854 855 
1755 203 826 825 856 
1756 203 825 855 856 
1757 203 827 826 857 
1758 203 826 856 857 
1759 203 828 827 858 
1760 203 827 857 858 
1761 203 831 817 859 
1762 203 817 847 859 
1763 203 818 837 860 
1764 203 844 843 861 
1765 203 835 830 862 
1766 203 832 834 863 
1767 203 839 836 864 
1768 203 836 850 864 
1769 203 834 818 865 
1770 203 818 860 865 
1771 203 841 840 848 
1772 203 842 841 830 
1773 203 846 832 866 
1774 203 832 863 866 
1775 203 830 841 862 
1776 203 831 859 845 
1777 203 860 837 867 
1778 203 837 833 867 
1779 203 834 865 863 
1780 203 843 839 868 
1781 203 861 843 868 
1782 203 819 838 869 
1783 203 833 845 870 
1784 203 867 833 870 
1785 203 845 859 870 
1786 203 849 846 871 
1787 203 850 849 871 
1788 203 862 841 848 
1789 203 839 864 868 
1790 203 838 835 872 
1791 203 869 838 872 
1792 203 835 862 872 
1793 203 851 820 873 
1794 203 820 819 873 
1795 203 846 866 871 
1796 203 847 815 874 
1797 203 859 847 874 
1798 203 815 829 874 
1799 203 873 819 869 
1800 203 873 869 868 
1801 203 828 858 874 
1802 203 853 852 871 
1803 203 854 853 866 
1804 203 855 854 863 
1805 203 855 865 856 
1806 203 857 856 860 
1807 203 858 857 867 
1808 203 874 858 870 
1809 203 829 828 874 
1810 203 844 861 862 
1811 203 851 873 864 
1812 203 861 868 869 
1813 203 850 871 852 
1814 203 852 851 850 
1815 203 863 854 866 
1816 203 873 868 864 
1817 203 866 853 871 
1818 203 859 874 870 
1819 203 858 867 870 
1820 203 857 860 867 
1821 203 851 864 850 
1822 203 862 861 872 
1823 203 855 863 865 
1824 203 861 869 872 
1825 203 860 856 865 
1826 203 844 862 848 
